3
34
3
berniw 3
-0.0542195
bt 3
-0.0542195
Olethros 3
-0.0542195
34
Aalborg
Alpine 1
Alpine 2
A-Speedway
B-Speedway
CG Speedway number 1
CG track 2
CG track 3
C-Speedway
Dirt 1
Dirt 3
Dirt 4
Dirt 5
Dirt 6
D-Speedway
E-Road
E-Speedway
E-Track 1
E-Track 2
E-Track 3
E-Track 4
E-Track 5
E-Track 6
Forza
F-Speedway
G-Speedway
Michigan Speedway
Mixed 1
Mixed 2
Olethros Road 1
Ruudskogen
Spring
Street 1
Wheel 2
102
20
109388
1
2586.91
6980
167
4769116
4878504
2
2587.42
6668
7147
4594736
9473240
3
2587.19
6661
13815
4585962
14059202
4
2587.28
6659
20476
4591141
18650343
5
2587.21
6665
27135
4594752
23245095
6
2587.43
6652
33800
4580588
27825683
7
2587.54
6654
40452
4589107
32414790
8
2587.09
6632
47106
4573461
36988251
9
2586.96
6650
53738
4586229
41574480
10
2587.16
6648
60388
4584794
46159274
11
2587.09
6648
67036
4578174
50737448
12
2587.11
6636
73684
4576568
55314016
13
2587.23
6690
80320
4613653
59927669
14
2587.08
6630
87010
4572667
64500336
15
2587.25
6635
93640
4575815
69076151
16
2587.24
6631
100275
4579869
73656020
17
2587.49
6621
106906
4572671
78228691
18
2587.39
6624
113527
4568071
82796762
19
2587.51
6611
120151
4566765
87363527
20
2587.25
6599
126762
-87363528
20
105173
1
2587.22
7831
160
5342131
5447304
2
2587.18
7679
7991
5277887
10725191
3
2587.12
7839
15670
5405812
16131003
4
2587.17
8085
23509
5566478
21697481
5
2587.41
10095
31594
6964274
28661755
6
2587.5
11380
41689
7843236
36504991
7
2587
9373
53069
6470145
42975136
8
2587.06
9396
62442
6500089
49475225
9
2587.27
9436
71838
6527180
56002405
10
2587
9408
81274
6507935
62510340
11
2587.44
9414
90682
6508115
69018455
12
2587.21
9458
100096
6549726
75568181
13
2587.48
9448
109554
6546494
82114675
14
2587.38
12406
119002
8305480
90420155
15
2587.35
9624
131408
6611208
97031363
16
2587.12
9431
141032
6532112
103563475
17
2587.4
9367
150463
6484025
110047500
18
2587.45
9405
159830
6525835
116573335
19
2587.5
9372
169235
6499991
123073326
20
2587.27
9340
178607
-123073327
20
98414
1
2586.96
7131
150
4844795
4943209
2
2587.27
8111
7281
5432333
10375542
3
2587.16
7127
15392
4855003
15230545
4
2587.09
6937
22519
4743937
19974482
5
2587
6891
29456
4708627
24683109
6
2587.19
7104
36347
4858655
29541764
7
2587.25
7106
43451
4858622
34400386
8
2587.43
7018
50557
4803536
39203922
9
2587.12
6766
57575
4630619
43834541
10
2587.32
6720
64341
4600838
48435379
11
2587.27
6694
71061
4588212
53023591
12
2587.15
6732
77755
4616337
57639928
13
2587.27
6724
84487
4613418
62253346
14
2587.21
6777
91211
4651149
66904495
15
2586.95
6783
97988
4654117
71558612
16
2587.28
6804
104771
4672346
76230958
17
2587.4
6840
111575
4703035
80933993
18
2587.34
6785
118415
4664090
85598083
19
2587.1
6808
125200
4679716
90277799
20
2586.99
6787
132008
4664536
20
104894
1
6355.1
12731
167
8671890
8776784
2
6354.97
12414
12898
8529350
17306134
3
6355.04
12394
25312
8512685
25818819
4
6355.19
12352
37706
8498491
34317310
5
6355.02
12342
50058
8465375
42782685
6
6355.24
12352
62400
8486320
51269005
7
6355.1
12284
74752
8452207
59721212
8
6354.98
12278
87036
8446101
68167313
9
6354.98
12277
99314
8459540
76626853
10
6355.07
12261
111591
8436108
85062961
11
6355.49
12268
123852
8452592
93515553
12
6355.58
12280
136120
8461235
101976788
13
6355.57
12268
148400
8453513
110430301
14
6355.14
12236
160668
8431477
118861778
15
6355.46
12296
172904
8459513
127321291
16
6355.22
12239
185200
8440045
135761336
17
6355.01
12228
197439
8425223
144186559
18
6355.14
12242
209667
8436197
152622756
19
6355.53
12237
221909
8432536
161055292
20
6355.62
12226
234146
-161055293
20
105321
1
6355.38
12611
167
8594722
8700043
2
6355.25
12274
12778
8449992
17150035
3
6355.06
12256
25052
8437206
25587241
4
6355.3
12281
37308
8453394
34040635
5
6355.35
12189
49589
8390361
42430996
6
6355.38
12153
61778
8366914
50797910
7
6355.28
12107
73931
8336467
59134377
8
6355.3
12178
86038
8368028
67502405
9
6355.04
12065
98216
8317639
75820044
10
6355.47
12109
110281
8357410
84177454
11
6355.04
12046
122390
8293404
92470858
12
6355.41
12051
134436
8318108
100788966
13
6355.44
12875
146487
8765799
109554765
14
6355.5
12434
159362
8518081
118072846
15
6355.42
12121
171796
8367000
126439846
16
6355.42
12074
183917
8321415
134761261
17
6355.26
12038
195991
8300654
143061915
18
6355.34
12059
208029
8312519
151374434
19
6355.41
12055
220088
8298223
159672657
20
6355.41
11999
232143
-159672658
20
104730
1
6355.19
12956
167
8854770
8959500
2
6355.18
12640
13123
8734174
17693674
3
6355.63
12620
25763
8719578
26413252
4
6355.36
13641
38383
9318502
35731754
5
6355.1
12800
52024
8768564
44500318
6
6355.23
12445
64824
8596257
53096575
7
6355.5
12427
77269
8582178
61678753
8
6355.33
12425
89696
8585232
70263985
9
6355.13
12443
102121
8607271
78871256
10
6355.36
12422
114564
8592341
87463597
11
6355.61
12427
126986
8605744
96069341
12
6355.25
12440
139413
8614334
104683675
13
6355.62
12444
151853
8607057
113290732
14
6355.62
12496
164297
8628985
121919717
15
6355.04
12436
176793
8612088
130531805
16
6355.12
12450
189229
8608978
139140783
17
6355.31
12532
201679
8658502
147799285
18
6355.45
13440
214211
9191462
156990747
19
6355.51
12752
227651
8742997
165733744
20
6355.25
12402
240403
-165733745
20
106881
1
3773.08
9353
168
6383938
6490819
2
3773.56
8945
9521
6166727
12657546
3
3773.09
8959
18466
6179592
18837138
4
3773.37
8942
27425
6167052
25004190
5
3773.16
8987
36367
6187453
31191643
6
3773.27
8934
45354
6160984
37352627
7
3773.53
8957
54288
6166542
43519169
8
3773.31
8916
63245
6147330
49666499
9
3773.46
8975
72161
6180774
55847273
10
3773.27
8922
81136
6153288
62000561
11
3773.43
9007
90058
6212187
68212748
12
3773.47
8929
99065
6155448
74368196
13
3773.11
8955
107994
6185045
80553241
14
3773.15
8910
116949
6154251
86707492
15
3773.56
8927
125859
6166062
92873554
16
3773.1
8910
134786
6154136
99027690
17
3773.2
8946
143696
6188937
105216627
18
3773.55
8921
152642
6150699
111367326
19
3773.33
8938
161563
6173620
117540946
20
3773.04
8897
170501
-117540947
20
105830
1
3773.2
9018
167
6172228
6278058
2
3773.13
8683
9185
6004080
12282138
3
3773.46
8675
17868
5989059
18271197
4
3773.07
8655
26543
5975529
24246726
5
3772.97
8660
35198
5979038
30225764
6
3773.07
8645
43858
5960431
36186195
7
3773.02
8647
52503
5970298
42156493
8
3773.2
8649
61150
5968075
48124568
9
3773.55
8652
69799
5971777
54096345
10
3773.26
8638
78451
5960437
60056782
11
3773.21
8639
87089
5960570
66017352
12
3773.49
8598
95728
5937190
71954542
13
3773.15
8596
104326
5939709
77894251
14
3772.95
8612
112922
5944159
83838410
15
3773.17
8588
121534
5928312
89766722
16
3773.5
8574
130122
5927605
95694327
17
3773.57
8583
138696
5924231
101618558
18
3773.49
8622
147279
5959543
107578101
19
3773.03
8591
155901
5937768
113515869
20
3773.39
8594
164492
-113515870
20
106168
1
3773.22
9179
167
6286721
6392889
2
3773.28
10388
9346
7019254
13412143
3
3773.08
9181
19734
6321074
19733217
4
3773.34
10001
28915
6793966
26527183
5
3773.56
9167
38916
6308571
32835754
6
3773.38
9959
48083
6764168
39599922
7
3773.45
9219
58042
6333709
45933631
8
3773.25
10007
67261
6796986
52730617
9
3773.1
9228
77268
6349147
59079764
10
3773.47
10053
86496
6831308
65911072
11
3773.26
9211
96549
6341905
72252977
12
3773.29
8859
105760
6151709
78404686
13
3773.35
10042
114619
6828208
85232894
14
3773.29
9228
124661
6356733
91589627
15
3772.99
8847
133889
6143128
97732755
16
3773.46
10019
142736
6824943
104557698
17
3773.05
9204
152755
6347909
110905607
18
3773.51
9994
161959
6798805
117704412
19
3773.18
9195
171953
6322385
124026797
20
3773.52
8862
181148
-124026798
20
113585
1
1908.19
3196
173
2167254
2280839
2
1907.86
2638
3369
1800965
4081804
3
1907.72
2649
6007
1812200
5894004
4
1907.88
2663
8656
1821895
7715899
5
1907.73
2654
11319
1819985
9535884
6
1907.72
2636
13973
1798494
11334378
7
1907.97
2636
16609
1804675
13139053
8
1907.96
2656
19245
1820786
14959839
9
1907.5
2642
21901
1811461
16771300
10
1908.09
2633
24543
1805275
18576575
11
1908
2633
27176
1804434
20381009
12
1907.82
2636
29809
1806425
22187434
13
1908.22
2629
32445
1804142
23991576
14
1908.17
2628
35074
1801599
25793175
15
1908.21
2633
37702
1807080
27600255
16
1907.8
2632
40335
1801580
29401835
17
1907.73
2625
42967
1801435
31203270
18
1908
2661
45592
1824508
33027778
19
1907.86
2630
48253
1805135
34832913
20
1908.21
2608
50883
-34832914
20
110218
1
1907.55
3041
168
2066929
2177147
2
1907.56
2626
3209
1797446
3974593
3
1907.74
2615
5835
1789901
5764494
4
1907.77
2615
8450
1791138
7555632
5
1907.52
2612
11065
1790496
9346128
6
1907.89
2616
13677
1795543
11141671
7
1907.97
2622
16293
1799573
12941244
8
1908.15
2611
18915
1789846
14731090
9
1907.96
2964
21526
2031420
16762510
10
1908.19
2807
24490
1927452
18689962
11
1907.89
2622
27297
1799169
20489131
12
1907.64
2612
29919
1792653
22281784
13
1908.19
2638
32531
1807199
24088983
14
1907.53
2669
35169
1829605
25918588
15
1908.17
2605
37838
1787777
27706365
16
1907.54
2600
40443
1784551
29490916
17
1907.98
2606
43043
1785760
31276676
18
1907.78
2612
45649
1790879
33067555
19
1907.69
2600
48261
1784575
34852130
20
1908.17
2609
50861
-34852131
20
109647
1
1907.97
3177
167
2157246
2266893
2
1907.73
2818
3344
1927939
4194832
3
1908.29
2827
6162
1934048
6128880
4
1908.06
2823
8989
1933029
8061909
5
1908.3
2811
11812
1926059
9987968
6
1907.76
2809
14623
1924740
11912708
7
1907.68
2813
17432
1927181
13839889
8
1907.73
2817
20245
1929945
15769834
9
1908.02
2806
23062
1924378
17694212
10
1908.04
2804
25868
1919825
19614037
11
1907.7
2823
28672
1935503
21549540
12
1908.32
2807
31495
1925234
23474774
13
1907.9
2800
34302
1915463
25390237
14
1908.22
2812
37102
1926553
27316790
15
1907.65
2802
39914
1919556
29236346
16
1908.16
2801
42716
1918949
31155295
17
1907.87
2808
45517
1925372
33080667
18
1907.63
2804
48325
1920946
35001613
19
1908.01
2804
51129
1922833
36924446
20
1907.95
2795
53933
-36924447
20
110131
1
3998.9
5582
167
3785150
3895281
2
3998.9
4725
5749
3227813
7123094
3
3998.72
4718
10474
3231194
10354288
4
3998.7
4713
15192
3226216
13580504
5
3998.7
4712
19905
3229808
16810312
6
3998.37
4705
24617
3223132
20033444
7
3998.39
4703
29322
3221781
23255225
8
3998.93
4703
34025
3219110
26474335
9
3998.49
4700
38728
3217300
29691635
10
3998.52
4709
43428
3228052
32919687
11
3998.92
4720
48137
3234657
36154344
12
3998.84
4715
52857
3231987
39386331
13
3998.58
4711
57572
3228771
42615102
14
3998.83
4712
62283
3229911
45845013
15
3998.91
4710
66995
3228323
49073336
16
3999.02
4718
71705
3233589
52306925
17
3998.89
4708
76423
3226872
55533797
18
3998.51
4712
81131
3229621
58763418
19
3998.84
4729
85843
3241023
62004441
20
3998.5
4717
90572
-62004442
20
109882
1
3998.28
5247
167
3562836
3672718
2
3998.8
4526
5414
3092773
6765491
3
3998.2
4526
9940
3101793
9867284
4
3998.99
4536
14466
3103308
12970592
5
3998.7
4524
19002
3101466
16072058
6
3998.65
4537
23526
3108216
19180274
7
3998.3
4537
28063
3103889
22284163
8
3999.01
4533
32600
3105970
25390133
9
3998.44
4525
37133
3101521
28491654
10
3998.54
4523
41658
3100158
31591812
11
3998.86
4526
46181
3098482
34690294
12
3998.7
4532
50707
3105164
37795458
13
3998.24
4521
55239
3099649
40895107
14
3998.64
4529
59760
3102825
43997932
15
3998.29
4523
64289
3096283
47094215
16
3998.85
4527
68812
3098718
50192933
17
3998.8
4519
73339
3095221
53288154
18
3998.48
4519
77858
3096822
56384976
19
3998.76
4521
82377
3094456
59479432
20
3998.47
4524
86898
-59479433
20
110058
1
3998.35
5242
167
3551384
3661442
2
3998.96
4581
5409
3126120
6787562
3
3998.79
4568
9990
3120656
9908218
4
3998.33
4554
14558
3112164
13020382
5
3998.99
4562
19112
3112811
16133193
6
3998.53
4551
23674
3110009
19243202
7
3998.46
4556
28225
3116380
22359582
8
3999.05
4564
32781
3125392
25484974
9
3999.04
4561
37345
3122702
28607676
10
3998.7
4551
41906
3114478
31722154
11
3998.2
4566
46457
3126319
34848473
12
3998.13
4588
51023
3141911
37990384
13
3998.2
4579
55611
3133083
41123467
14
3998.4
4580
60190
3135954
44259421
15
3998.42
4577
64770
3124905
47384326
16
3998.41
4593
69347
3145115
50529441
17
3999.03
4636
73940
3174455
53703896
18
3998.78
4577
78576
3134256
56838152
19
3999
4578
83153
3134374
59972526
20
3998.85
4582
87731
-59972527
20
110627
1
2057.44
3960
168
2695331
2805958
2
2057.39
3590
4128
2462296
5268254
3
2057.37
3610
7718
2477889
7746143
4
2057.44
3589
11328
2465191
10211334
5
2057.2
3581
14917
2461378
12672712
6
2057.53
3584
18498
2461513
15134225
7
2057.26
3586
22082
2462580
17596805
8
2057.19
3582
25668
2462384
20059189
9
2057.34
3577
29250
2455088
22514277
10
2057.53
3582
32827
2462076
24976353
11
2057.36
3584
36409
2458146
27434499
12
2057.42
3583
39993
2462535
29897034
13
2057.38
3591
43576
2466417
32363451
14
2057.36
3578
47167
2459300
34822751
15
2057.54
3584
50745
2463201
37285952
16
2057.19
3588
54329
2466081
39752033
17
2057.41
3572
57917
2455066
42207099
18
2057.21
3570
61489
2453831
44660930
19
2057.43
3574
65059
2456568
47117498
20
2057.18
3552
68633
-47117499
20
110628
1
2057.27
3876
167
2646193
2756821
2
2057.26
3640
4043
2500407
5257228
3
2057.14
3624
7683
2494797
7752025
4
2057.18
3594
11307
2476746
10228771
5
2057.48
3589
14901
2473626
12702397
6
2057.25
3589
18490
2474802
15177199
7
2057.38
3580
22079
2468588
17645787
8
2057.28
3578
25659
2466960
20112747
9
2057.31
3577
29237
2466753
22579500
10
2057.18
3578
32814
2465563
25045063
11
2057.45
3580
36392
2468414
27513477
12
2057.54
3577
39972
2466694
29980171
13
2057.38
3586
43549
2473045
32453216
14
2057.24
3572
47135
2463251
34916467
15
2057.46
3573
50707
2463889
37380356
16
2057.14
3575
54280
2465559
39845915
17
2057.52
3572
57855
2459680
42305595
18
2057.39
3568
61427
2460230
44765825
19
2057.4
3568
64995
2457335
47223160
20
2057.5
3569
68563
-47223161
20
110573
1
2057.44
3896
168
2656130
2766703
2
2057.22
3620
4064
2482112
5248815
3
2057.12
3630
7684
2493163
7741978
4
2057.18
3610
11314
2478124
10220102
5
2057.56
3615
14924
2485145
12705247
6
2057.26
3614
18539
2484133
15189380
7
2057.18
3612
22153
2484609
17673989
8
2057.32
3617
25765
2488001
20161990
9
2057.26
3613
29382
2485315
22647305
10
2057.13
3616
32995
2482068
25129373
11
2057.13
3621
36611
2490599
27619972
12
2057.41
3615
40232
2485233
30105205
13
2057.13
3633
43847
2493646
32598851
14
2057.36
3616
47480
2485653
35084504
15
2057.17
3615
51096
2486396
37570900
16
2057.29
3621
54711
2489029
40059929
17
2057.19
3612
58332
2484342
42544271
18
2057.54
3614
61944
2486020
45030291
19
2057.48
3613
65558
2485252
47515543
20
2057.56
3597
69171
-47515544
20
103312
1
3185.54
5211
167
3548355
3651667
2
3185.41
4737
5378
3249427
6901094
3
3185.5
4739
10115
3255489
10156583
4
3185.83
4740
14854
3257991
13414574
5
3185.66
4738
19594
3260061
16674635
6
3185.17
4719
24332
3247950
19922585
7
3185.7
4725
29051
3252403
23174988
8
3185.11
4723
33776
3250915
26425903
9
3185.4
4708
38499
3239065
29664968
10
3185.33
4700
43207
3232928
32897896
11
3185.39
4708
47907
3235797
36133693
12
3185.16
4711
52615
3242594
39376287
13
3185.6
4698
57326
3233301
42609588
14
3185.38
4702
62024
3234266
45843854
15
3185.79
4695
66726
3226527
49070381
16
3185.8
4715
71421
3245467
52315848
17
3185.63
4688
76136
3224579
55540427
18
3185.54
4696
80824
3232566
58772993
19
3185.55
4683
85520
3223314
61996307
20
3185.22
4692
90203
-61996308
20
103394
1
3185.63
5204
167
3556176
3659570
2
3185.12
4764
5371
3278299
6937869
3
3185.48
4781
10135
3288912
10226781
4
3185.26
4763
14916
3285984
13512765
5
3185.7
4754
19679
3281972
16794737
6
3185.36
4748
24433
3272436
20067173
7
3185.33
4743
29181
3274812
23341985
8
3185.46
4748
33924
3277818
26619803
9
3185.47
4741
38672
3273520
29893323
10
3185.61
4757
43413
3282916
33176239
11
3185.62
4741
48170
3271657
36447896
12
3185.67
4742
52911
3274240
39722136
13
3185.29
4737
57653
3270680
42992816
14
3185.56
4737
62390
3266191
46259007
15
3185.59
4730
67127
3264180
49523187
16
3185.81
4734
71857
3268948
52792135
17
3185.12
4720
76591
3259281
56051416
18
3185.67
4736
81311
3265776
59317192
19
3185.39
4722
86047
3260242
62577434
20
3185.63
4725
90769
-62577435
20
103319
1
3185.44
5525
167
3764096
3867415
2
3185.48
5132
5692
3523564
7390979
3
3185.39
5123
10824
3521862
10912841
4
3185.31
5128
15947
3526270
14439111
5
3185.76
5122
21075
3520499
17959610
6
3185.34
5134
26197
3530255
21489865
7
3185.16
5113
31331
3510651
25000516
8
3185.28
5118
36444
3512791
28513307
9
3185.38
5112
41562
3515367
32028674
10
3185.48
5120
46674
3520807
35549481
11
3185.32
5128
51794
3531446
39080927
12
3185.44
5117
56922
3523747
42604674
13
3185.6
5130
62039
3531134
46135808
14
3185.36
5114
67169
3522230
49658038
15
3185.14
5121
72283
3526693
53184731
16
3185.65
5112
77404
3518607
56703338
17
3185.49
5108
82516
3512953
60216291
18
3185.3
5108
87624
3518113
63734404
19
3185.76
5120
92732
3526046
67260450
20
3185.29
5119
97852
3528052
20
93875
1
2842.37
5912
147
4029601
4123476
2
2842.5
5478
6059
3764855
7888331
3
2842.42
5469
11537
3765231
11653562
4
2843.02
5501
17006
3787151
15440713
5
2843.01
5470
22507
3761518
19202231
6
2842.62
5469
27977
3766179
22968410
7
2842.94
5474
33446
3767995
26736405
8
2842.42
5464
38920
3762824
30499229
9
2842.71
5461
44384
3760433
34259662
10
2843.04
5469
49845
3766203
38025865
11
2842.98
5473
55314
3769011
41794876
12
2842.93
5509
60787
3793973
45588849
13
2842.39
5449
66296
3752155
49341004
14
2842.35
5454
71745
3755885
53096889
15
2842.86
5448
77199
3754462
56851351
16
2842.97
5449
82647
3757857
60609208
17
2843.07
5457
88096
3763385
64372593
18
2842.91
5448
93553
3757475
68130068
19
2842.65
5453
99001
3759653
71889721
20
2842.78
5453
104454
-71889722
20
91770
1
2842.87
5530
144
3779377
3871147
2
2842.69
5252
5674
3619087
7490234
3
2842.88
5231
10926
3609407
11099641
4
2842.89
5259
16157
3628584
14728225
5
2842.98
5237
21416
3616811
18345036
6
2842.71
5221
26653
3605731
21950767
7
2842.79
5232
31874
3613112
25563879
8
2843.07
5230
37106
3607905
29171784
9
2842.94
5207
42336
3592294
32764078
10
2843.09
5204
47543
3595394
36359472
11
2842.59
5228
52747
3611510
39970982
12
2842.36
5198
57975
3590855
43561837
13
2842.85
5204
63173
3594407
47156244
14
2842.82
5189
68377
3584295
50740539
15
2842.51
5209
73566
3597909
54338448
16
2843.05
5181
78775
3578719
57917167
17
2842.71
5175
83956
3564141
61481308
18
2842.75
5195
89131
3586649
65067957
19
2843.03
5178
94326
3580223
68648180
20
2842.66
5157
99504
-68648181
20
91903
1
2842.9
5677
144
3872259
3964162
2
2842.68
5399
5821
3719301
7683463
3
2843.02
5401
11220
3730694
11414157
4
2843.01
5404
16621
3732354
15146511
5
2842.65
5394
22025
3713526
18860037
6
2842.64
5392
27419
3722916
22582953
7
2842.65
5394
32811
3725767
26308720
8
2842.67
5395
38205
3724245
30032965
9
2842.49
5392
43600
3723847
33756812
10
2843.09
5401
48992
3730053
37486865
11
2842.72
5411
54393
3737078
41223943
12
2843.08
5400
59804
3729215
44953158
13
2842.42
5403
65204
3731232
48684390
14
2842.38
5400
70607
3729490
52413880
15
2842.4
5398
76007
3728011
56141891
16
2842.46
5404
81405
3732137
59874028
17
2842.77
5396
86809
3726429
63600457
18
2842.37
5416
92205
3740470
67340927
19
2843.02
6697
97621
4466349
71807276
20
2842.49
5549
104318
-71807277
20
110806
1
3294.06
4380
168
2970998
3081804
2
3294.24
3676
4548
2511390
5593194
3
3294.39
3665
8224
2505824
8099018
4
3293.87
3650
11889
2496100
10595118
5
3294.15
3645
15539
2499254
13094372
6
3293.94
3651
19184
2500628
15595000
7
3294.04
3645
22835
2499274
18094274
8
3293.65
3644
26480
2493116
20587390
9
3293.89
3642
30124
2496721
23084111
10
3293.95
3645
33766
2493432
25577543
11
3294.34
3657
37411
2505275
28082818
12
3293.6
3657
41068
2507543
30590361
13
3293.51
3649
44725
2501964
33092325
14
3294.27
3660
48374
2509364
35601689
15
3294.2
3665
52034
2512803
38114492
16
3294.31
3668
55699
2513127
40627619
17
3293.62
3658
59367
2507819
43135438
18
3294.08
3663
63025
2511524
45646962
19
3293.9
3659
66688
2505220
48152182
20
3293.73
3658
70347
-48152183
20
110059
1
3293.67
4524
167
3073673
3183732
2
3293.73
3796
4691
2598631
5782363
3
3294.15
3792
8487
2593132
8375495
4
3294.26
3790
12279
2597990
10973485
5
3293.71
3794
16069
2601200
13574685
6
3293.5
3789
19863
2597641
16172326
7
3293.84
3791
23652
2594273
18766599
8
3294.33
3790
27443
2600705
21367304
9
3293.83
3789
31233
2597862
23965166
10
3293.67
3794
35022
2600215
26565381
11
3294.18
3798
38816
2603645
29169026
12
3293.92
3788
42614
2592108
31761134
13
3294.06
3790
46402
2600055
34361189
14
3294.24
3788
50192
2597527
36958716
15
3293.48
3787
53980
2594649
39553365
16
3294.26
3792
57767
2598651
42152016
17
3293.74
3786
61559
2597765
44749781
18
3293.43
3785
65345
2596495
47346276
19
3294
3787
69130
2596635
49942911
20
3293.95
3794
72917
-49942912
20
110083
1
3293.65
4338
167
2939137
3049220
2
3294.22
3681
4505
2508369
5557589
3
3293.97
3691
8186
2521230
8078819
4
3294.31
3671
11877
2509054
10587873
5
3294.28
3673
15548
2514145
13102018
6
3294.22
3679
19221
2516607
15618625
7
3293.96
3671
22900
2509171
18127796
8
3293.98
3671
26571
2514618
20642414
9
3293.81
3673
30242
2514604
23157018
10
3294.26
3671
33915
2512951
25669969
11
3294.04
3674
37586
2516701
28186670
12
3293.96
3676
41260
2516646
30703316
13
3293.98
3680
44936
2520686
33224002
14
3293.77
3687
48616
2523552
35747554
15
3293.52
3692
52303
2527188
38274742
16
3294.38
3686
55995
2522811
40797553
17
3293.56
3686
59681
2524753
43322306
18
3293.85
3688
63367
2526283
45848589
19
3294.11
3687
67055
2521863
48370452
20
3293.67
3689
70742
-48370453
20
217920
1
1072.79
6385
332
4361874
4579794
2
1072.87
5719
6717
3932448
8512242
3
1072.89
5738
12436
3960131
12472373
4
1072.9
5726
18174
3951758
16424131
5
1072.79
5723
23900
3953148
20377279
6
1072.92
5728
29623
3956650
24333929
7
1072.82
5725
35351
3948864
28282793
8
1072.81
5732
41076
3955903
32238696
9
1072.79
5195
46808
3588350
35827046
10
1072.81
5048
52003
3485986
39313032
11
1072.87
5057
57051
3492059
42805091
12
1072.85
5014
62108
3457714
46262805
13
1072.87
3119
67122
2153664
48416469
14
1072.89
2928
70241
2022477
50438946
15
1072.73
2939
73169
2028010
52466956
16
1072.71
2922
76108
2017851
54484807
17
1072.69
2929
79030
2025835
56510642
18
1072.77
2924
81959
2022172
58532814
19
1072.61
2945
84883
2033903
60566717
20
1072.66
2930
87828
-60566718
20
110046
1
1072.63
3296
167
2257389
2367435
2
1072.77
2929
3463
2018347
4385782
3
1072.77
3018
6392
2079170
6464952
4
1072.69
2985
9410
2054397
8519349
5
1072.55
2952
12395
2035385
10554734
6
1072.49
2964
15347
2046318
12601052
7
1072.68
3024
18311
2080838
14681890
8
1072.7
2986
21335
2059189
16741079
9
1072.72
3005
24321
2075227
18816306
10
1072.66
2976
27326
2053815
20870121
11
1072.7
3060
30302
2107340
22977461
12
1072.5
2989
33362
2061639
25039100
13
1072.9
2984
36351
2062110
27101210
14
1072.72
2965
39335
2050209
29151419
15
1072.82
2937
42300
2031163
31182582
16
1072.74
2939
45237
2032821
33215403
17
1072.92
2994
48176
2070474
35285877
18
1072.53
3043
51170
2099810
37385687
19
1072.6
3010
54213
2081113
39466800
20
1072.44
3024
57223
2078874
20
110468
1
1072.77
5324
168
3634410
3744878
2
1072.72
5332
5492
3669739
7414617
3
1072.68
5338
10824
3684853
11099470
4
1072.75
5330
16162
3682856
14782326
5
1072.84
5374
21492
3717941
18500267
6
1072.78
5373
26866
3720366
22220633
7
1072.83
5374
32239
3720666
25941299
8
1072.68
5394
37613
3723543
29664842
9
1072.89
5391
43007
3732558
33397400
10
1072.69
5399
48398
3737697
37135097
11
1072.86
5394
53797
3734179
40869276
12
1072.86
5414
59191
3748399
44617675
13
1072.8
5427
64605
3748539
48366214
14
1072.81
5409
70032
3744547
52110761
15
1072.71
5410
75441
3741887
55852648
16
1072.93
5417
80851
3749650
59602298
17
1072.77
5416
86268
3743719
63346017
18
1072.79
5419
91684
3748134
67094151
19
1072.84
5413
97103
3754585
70848736
20
1072.85
5414
102516
-70848737
20
111234
1
2205.42
6247
167
4272117
4383351
2
2205.8
5873
6414
4054364
8437715
3
2205.3
5808
12287
4008125
12445840
4
2205.9
5823
18095
4018558
16464398
5
2205.71
5800
23918
4004835
20469233
6
2205.54
5778
29718
3989073
24458306
7
2205.45
5815
35496
4018934
28477240
8
2205.31
5778
41311
3989595
32466835
9
2205.41
5773
47089
3983429
36450264
10
2205.64
5789
52862
3999795
40450059
11
2205.47
5775
58651
3996916
44446975
12
2205.67
5772
64426
3996498
48443473
13
2205.29
5805
70198
4019448
52462921
14
2205.28
5768
76003
3986060
56448981
15
2205.28
5761
81771
3987776
60436757
16
2205.58
5794
87532
4011652
64448409
17
2205.89
5791
93326
4010144
68458553
18
2205.84
5780
99117
4009020
72467573
19
2205.39
5813
104897
4035454
76503027
20
2205.66
5774
110710
-76503028
20
110740
1
2205.33
5807
167
3976633
4087373
2
2205.73
5502
5974
3800260
7887633
3
2205.33
5527
11476
3820659
11708292
4
2205.66
5423
17003
3750037
15458329
5
2205.3
5472
22426
3782862
19241191
6
2205.75
5454
27898
3765986
23007177
7
2205.85
5665
33352
3912282
26919459
8
2205.84
5514
39017
3812993
30732452
9
2205.88
5448
44531
3773519
34505971
10
2205.79
5430
49979
3760667
38266638
11
2205.61
5567
55409
3854288
42120926
12
2205.39
5447
60976
3772810
45893736
13
2205.69
5481
66423
3786975
49680711
14
2205.66
5414
71904
3749066
53429777
15
2205.63
5423
77318
3753892
57183669
16
2205.69
5439
82741
3765987
60949656
17
2205.39
5418
88180
3748873
64698529
18
2205.93
5477
93598
3790427
68488956
19
2205.41
5390
99075
3744647
72233603
20
2205.74
5721
104465
-72233604
20
111249
1
2205.45
5730
167
3916285
4027534
2
2205.36
5435
5897
3740931
7768465
3
2205.82
5418
11332
3739621
11508086
4
2205.68
5473
16750
3776300
15284386
5
2205.88
6692
22223
4491998
19776384
6
2205.73
5701
28915
3889544
23665928
7
2205.91
5451
34616
3764774
27430702
8
2205.55
5501
40067
3794593
31225295
9
2205.26
5468
45568
3778747
35004042
10
2205.66
6706
51036
4504483
39508525
11
2205.92
5750
57742
3926762
43435287
12
2205.43
5466
63492
3777253
47212540
13
2205.58
5467
68958
3778057
50990597
14
2205.6
5484
74425
3776175
54766772
15
2205.64
6703
79909
4497688
59264460
16
2205.74
5699
86612
3891664
63156124
17
2205.5
5440
92311
3758331
66914455
18
2205.48
5422
97751
3755772
70670227
19
2205.75
5426
103173
3765818
74436045
20
2205.57
5430
108599
-74436046
20
115417
1
3260.04
7977
175
5441286
5556703
2
3260.4
7303
8152
5023000
10579703
3
3259.96
7293
15455
5017472
15597175
4
3260.2
7271
22748
4994872
20592047
5
3260.13
7285
30019
5013550
25605597
6
3260.36
7280
37304
5008134
30613731
7
3259.66
7270
44584
4994629
35608360
8
3259.77
7292
51854
5018120
40626480
9
3259.75
7338
59146
5047962
45674442
10
3259.78
7369
66484
5071207
50745649
11
3260.17
10171
73853
6999903
57745552
12
3260.14
12198
84024
8381826
66127378
13
3260.28
12935
96222
8911565
75038943
14
3259.65
11993
109157
8267584
83306527
15
3260.09
7247
121150
4994263
88300790
16
3259.98
7245
128397
4992432
93293222
17
3259.87
7311
135642
5038630
98331852
18
3260.38
7261
142953
5004093
103335945
19
3260.16
7338
150214
5064497
108400442
20
3260.07
9894
157552
6818399
20
131857
1
3260.05
10653
201
7292460
7424317
2
3260.27
16679
10854
11530007
18954324
3
3260.17
16675
27533
11532925
30487249
4
3260.33
16674
44208
11531127
42018376
5
3260.23
16680
60882
11536388
53554764
6
3260.3
16747
77562
11582915
65137679
7
3260.29
16730
94309
11581389
76719068
8
3260.41
16705
111039
11551639
88270707
9
3260.14
16712
127744
11577916
99848623
10
3260.13
16704
144456
11565578
111414201
11
3260.35
16667
161160
11538984
122953185
12
3260.17
16650
177827
11531184
134484369
13
3260.27
16690
194477
11577992
146062361
14
3260.23
16606
211167
11483852
157546213
15
3260.39
16671
227773
11530023
169076236
16
3260.33
16659
244444
11517703
180593939
17
3260.42
16675
261103
11531317
192125256
18
3260.27
16659
277778
11505957
203631213
19
3260.27
16600
294437
11459345
215090558
20
3260.16
16618
311037
11493652
20
219065
1
3260.27
14047
333
9604228
9823293
2
3260.1
13124
14380
9043628
18866921
3
3260.05
13128
27504
9046642
27913563
4
3260.29
13141
40632
9054073
36967636
5
3260.1
13161
53773
9067289
46034925
6
3260.4
13164
66934
9069187
55104112
7
3260.26
13174
80098
9079892
64184004
8
3260.26
13158
93272
9074476
73258480
9
3260.12
13139
106430
9068496
82326976
10
3260.41
8240
119569
5686468
88013444
11
3259.86
7376
127809
5090560
93104004
12
3260.11
7365
135185
5083030
98187034
13
3260.15
7364
142550
5082118
103269152
14
3260.19
7357
149914
5076900
108346052
15
3259.91
7366
157271
5083048
113429100
16
3260.15
7374
164637
5087331
118516431
17
3260.13
7350
172011
5072968
123589399
18
3259.72
7366
179361
5076543
128665942
19
3260.36
7352
186727
5074206
133740148
20
3260.35
7359
194079
-133740149
20
220236
1
1072.77
6185
333
4224589
4444825
2
1072.69
5507
6518
3790937
8235762
3
1072.9
5504
12025
3792812
12028574
4
1072.82
5499
17529
3789249
15817823
5
1072.68
5498
23028
3788577
19606400
6
1072.91
5498
28526
3788449
23394849
7
1072.74
5502
34024
3791249
27186098
8
1072.78
5505
39526
3794020
30980118
9
1072.73
5497
45031
3787223
34767341
10
1072.89
5497
50528
3781916
38549257
11
1072.86
5500
56025
3793607
42342864
12
1072.87
5502
61525
3790605
46133469
13
1072.72
5500
67027
3789365
49922834
14
1072.83
5503
72527
3791387
53714221
15
1072.93
5508
78030
3792995
57507216
16
1072.8
5499
83538
3786822
61294038
17
1072.9
5508
89037
3798469
65092507
18
1072.69
5501
94545
3788492
68880999
19
1072.73
5503
100046
3800866
72681865
20
1072.74
5501
105549
3799214
20
211048
1
1072.7
5680
320
3888257
4099305
2
1072.68
5059
6000
3480738
7580043
3
1072.93
5081
11059
3507425
11087468
4
1072.71
5106
16140
3516955
14604423
5
1072.92
5108
21246
3532208
18136631
6
1072.85
5274
26354
3616525
21753156
7
1072.87
5150
31628
3563404
25316560
8
1072.9
5103
36778
3516828
28833388
9
1072.65
5096
41881
3523626
32357014
10
1072.66
5125
46977
3542910
35899924
11
1072.73
5104
52102
3533334
39433258
12
1072.69
5096
57206
3516848
42950106
13
1072.81
5089
62302
3516039
46466145
14
1072.9
5106
67391
3535028
50001173
15
1072.64
5059
72497
3500799
53501972
16
1072.8
5081
77556
3515134
57017106
17
1072.65
5077
82637
3514478
60531584
18
1072.88
5102
87714
3531811
64063395
19
1072.85
5082
92816
3522314
67585709
20
1072.89
5085
97898
-67585710
20
207861
1
1072.65
5850
314
3998332
4206193
2
1072.9
5208
6164
3572817
7779010
3
1072.76
5223
11372
3592378
11371388
4
1072.64
5222
16595
3593040
14964428
5
1072.87
5235
21817
3612359
18576787
6
1072.68
5245
27052
3630385
22207172
7
1072.76
5238
32297
3613140
25820312
8
1072.73
5273
37535
3650794
29471106
9
1072.75
5303
42808
3671142
33142248
10
1072.91
5311
48111
3672873
36815121
11
1072.72
5307
53422
3672052
40487173
12
1072.69
5310
58729
3669025
44156198
13
1072.8
5286
64039
3647760
47803958
14
1072.89
5289
69325
3644873
51448831
15
1072.76
5308
74614
3663273
55112104
16
1072.9
5330
79922
3681248
58793352
17
1072.87
5296
85252
3656533
62449885
18
1072.75
5318
90548
3679560
66129445
19
1072.88
5329
95866
3695166
69824611
20
1072.65
5331
101195
3700266
20
212584
1
3147.35
16692
318
11409339
11621923
2
3147.24
15928
17010
10993325
22615248
3
3147.44
15933
32938
10983361
33598609
4
3147.3
15922
48871
10975793
44574402
5
3147.27
15909
64793
10966732
55541134
6
3147.16
15919
80702
10972386
66513520
7
3147.41
15928
96621
10992846
77506366
8
3147.16
15922
112549
10990971
88497337
9
3147.31
15939
128471
11000237
99497574
10
3147.25
15926
144410
10994316
110491890
11
3147.3
15907
160336
10965480
121457370
12
3147.37
15888
176243
10964578
132421948
13
3147.36
15906
192131
10980274
143402222
14
3147.38
15909
208037
10982973
154385195
15
3147.22
15894
223946
10973194
165358389
16
3147.34
15888
239840
10951989
176310378
17
3147.29
15875
255728
10927957
187238335
18
3147.16
15901
271603
10976831
198215166
19
3147.42
15874
287504
10957947
209173113
20
3147.26
15876
303378
-209173114
20
219909
1
3147.41
16716
330
11448832
11668741
2
3147.21
16123
17046
11140096
22808837
3
3147.22
16018
33169
11069824
33878661
4
3147.3
16060
49187
11094908
44973569
5
3147.22
16047
65247
11091710
56065279
6
3147.29
16067
81294
11099415
67164694
7
3147.22
16173
97361
11186114
78350808
8
3147.33
16088
113534
11129424
89480232
9
3147.45
16087
129622
11131851
100612083
10
3147.36
16055
145709
11111464
111723547
11
3147.17
16016
161764
11100225
122823772
12
3147.34
16132
177780
11176726
134000498
13
3147.45
16092
193912
11169036
145169534
14
3147.27
16069
210004
11153728
156323262
15
3147.26
16171
226073
11222544
167545806
16
3147.21
16056
242244
11124187
178669993
17
3147.29
16008
258300
11113762
189783755
18
3147.36
16154
274308
11207485
200991240
19
3147.27
16095
290462
11139696
212130936
20
3147.3
16025
306557
-212130937
20
220908
1
3147.37
16415
331
11244046
11464954
2
3147.18
15745
16746
10881853
22346807
3
3147.36
15759
32491
10893125
33239932
4
3147.44
15785
48250
10910581
44150513
5
3147.31
15800
64035
10920496
55071009
6
3147.37
15777
79835
10903991
65975000
7
3147.37
15627
95612
10810904
76785904
8
3147.43
15796
111239
10916647
87702551
9
3147.43
15802
127035
10926034
98628585
10
3147.44
15810
142837
10958205
109586790
11
3147.2
15812
158647
10958437
120545227
12
3147.24
15814
174459
10960668
131505895
13
3147.18
15803
190273
10954571
142460466
14
3147.19
15823
206076
10968098
153428564
15
3147.39
15813
221899
10960913
164389477
16
3147.17
15800
237712
10952266
175341743
17
3147.32
15799
253512
10967828
186309571
18
3147.22
15798
269311
10965191
197274762
19
3147.33
15791
285109
10945190
208219952
20
3147.15
15767
300900
10928264
20
110386
1
3427.13
4669
167
3164740
3275126
2
3426.9
3934
4836
2685863
5960989
3
3427.42
3935
8770
2689374
8650363
4
3426.95
3919
12705
2677583
11327946
5
3427.29
3932
16624
2688624
14016570
6
3426.95
3918
20556
2678871
16695441
7
3427.26
3936
24474
2693092
19388533
8
3426.56
3917
28410
2680079
22068612
9
3427.33
3914
32327
2674084
24742696
10
3427.11
3925
36241
2683278
27425974
11
3427.36
3922
40166
2680964
30106938
12
3426.61
3915
44088
2676936
32783874
13
3426.67
3929
48003
2686436
35470310
14
3427.04
3933
51932
2689379
38159689
15
3427.23
3942
55865
2693258
40852947
16
3426.91
3952
59807
2703978
43556925
17
3426.57
3931
63759
2689487
46246412
18
3427.38
3935
67690
2691998
48938410
19
3426.52
3930
71625
2688821
51627231
20
3426.81
3940
75555
-51627232
20
109921
1
3426.82
4762
167
3235807
3345728
2
3427.02
4044
4929
2768391
6114119
3
3427.17
4042
8973
2765006
8879125
4
3426.87
4043
13015
2766770
11645895
5
3426.65
4058
17058
2783233
14429128
6
3426.76
4042
21116
2770572
17199700
7
3427.15
4043
25158
2772990
19972690
8
3426.68
4041
29201
2767796
22740486
9
3427.06
4041
33242
2767571
25508057
10
3426.97
4047
37283
2775759
28283816
11
3427.01
4041
41330
2772037
31055853
12
3426.49
4039
45371
2770006
33825859
13
3427.24
4039
49410
2768909
36594768
14
3426.87
4046
53449
2775178
39369946
15
3427.38
4049
57495
2775265
42145211
16
3427.34
4038
61544
2769896
44915107
17
3427.25
4037
65582
2769689
47684796
18
3427.34
4038
69619
2770752
50455548
19
3427.38
4042
73657
2767474
53223022
20
3427.09
4042
77699
-53223023
20
109643
1
3427.04
4733
167
3205008
3314651
2
3426.95
4054
4900
2766296
6080947
3
3426.62
4055
8954
2770112
8851059
4
3426.85
4026
13009
2746924
11597983
5
3427.19
4033
17035
2758310
14356293
6
3426.59
4026
21068
2755138
17111431
7
3427.3
4024
25094
2755754
19867185
8
3427.16
4022
29118
2752864
22620049
9
3426.93
4031
33140
2761038
25381087
10
3426.61
4031
37171
2758791
28139878
11
3427.42
4025
41202
2750674
30890552
12
3427.37
4027
45227
2757974
33648526
13
3427.38
4055
49254
2776451
36424977
14
3427.4
4063
53309
2782390
39207367
15
3427.43
4069
57372
2786268
41993635
16
3427.35
4060
61441
2778427
44772062
17
3427.07
4064
65501
2780795
47552857
18
3426.49
4082
69565
2795402
50348259
19
3426.75
4069
73647
2786346
53134605
20
3427.34
4067
77716
-53134606
20
170426
1
3260.14
12277
269
8368931
8539357
2
3260.29
11289
12546
7747375
16286732
3
3260.1
11278
23835
7754719
24041451
4
3260.29
11293
35113
7753099
31794550
5
3260.17
11277
46406
7749519
39544069
6
3260.19
11245
57683
7719733
47263802
7
3260.42
11258
68928
7736928
55000730
8
3260.38
11258
80186
7740018
62740748
9
3260.41
11259
91444
7728958
70469706
10
3260.02
11253
102703
7748241
78217947
11
3260.28
11255
113956
7749478
85967425
12
3260.12
11244
125211
7730610
93698035
13
3260.22
11255
136455
7749456
101447491
14
3260.24
11215
147710
7721543
109169034
15
3260.31
11248
158925
7744111
116913145
16
3260.26
11255
170173
7738360
124651505
17
3260.23
11216
181428
7722459
132373964
18
3260.27
11219
192644
7724165
140098129
19
3260.26
11206
203863
7715637
147813766
20
3260.04
11202
215069
7713544
20
169492
1
3260.11
12066
266
8228883
8398375
2
3260.26
11230
12332
7720287
16118662
3
3260.42
11246
23562
7734694
23853356
4
3260.03
11268
34808
7737439
31590795
5
3260.3
11273
46076
7752036
39342831
6
3260.07
11283
57349
7755763
47098594
7
3260.13
11303
68632
7769568
54868162
8
3260.25
11324
79935
7772195
62640357
9
3259.87
11330
91259
7795487
70435844
10
3260.06
11361
102589
7821723
78257567
11
3260.39
11372
113950
7825684
86083251
12
3260.17
11395
125322
7841497
93924748
13
3260.12
11421
136717
7871273
101796021
14
3260.11
11428
148138
7864849
109660870
15
3260.25
11449
159566
7875150
117536020
16
3260.12
11469
171015
7904342
125440362
17
3260.37
11473
182484
7895820
133336182
18
3260.36
11480
193957
7923635
141259817
19
3260.19
11501
205437
7938561
149198378
20
3260.15
11503
216938
7928733
20
212026
1
3260.4
12303
333
8394566
8606592
2
3260.35
11436
12636
7869021
16475613
3
3260.07
11450
24072
7881264
24356877
4
3260.2
11455
35522
7882939
32239816
5
3260.1
11459
46977
7884253
40124069
6
3260.28
11467
58436
7885995
48010064
7
3260.21
11448
69903
7873256
55883320
8
3260.15
11456
81351
7878153
63761473
9
3260.12
11449
92807
7878107
71639580
10
3260.43
11458
104256
7883138
79522718
11
3260.42
11455
115714
7892914
87415632
12
3260.29
11448
127169
7885080
95300712
13
3260.42
11458
138617
7895219
103195931
14
3260.2
11449
150075
7888847
111084778
15
3260.03
11436
161524
7879853
118964631
16
3260.08
11443
172960
7884389
126849020
17
3260.23
11433
184403
7877894
134726914
18
3260.19
11431
195836
7875915
142602829
19
3260.21
11432
207267
7877093
150479922
20
3260.09
11421
218699
7869263
20
109977
1
4103.83
5343
167
3621246
3731223
2
4103.71
4615
5510
3150305
6881528
3
4103.83
4605
10125
3147043
10028571
4
4103.29
4608
14730
3149470
13178041
5
4103.57
4616
19338
3155753
16333794
6
4103.33
4601
23954
3140424
19474218
7
4103.6
4598
28555
3140082
22614300
8
4102.87
4603
33153
3147693
25761993
9
4103.63
4598
37756
3143340
28905333
10
4103.7
4602
42354
3147171
32052504
11
4103.61
4611
46956
3149136
35201640
12
4103.51
4621
51567
3154115
38355755
13
4103.57
4628
56188
3165380
41521135
14
4103.8
4619
60816
3159254
44680389
15
4103.53
4620
65435
3159426
47839815
16
4103.74
4623
70055
3157468
50997283
17
4103.62
4618
74678
3153501
54150784
18
4103.5
4625
79296
3163083
57313867
19
4103.21
4618
83921
3158274
60472141
20
4103.74
4629
88539
-60472142
20
109897
1
4102.92
5396
167
3666128
3776025
2
4103.29
4658
5563
3182960
6958985
3
4103.26
4657
10221
3190659
10149644
4
4103.58
4666
14878
3196637
13346281
5
4103.59
4658
19544
3188113
16534394
6
4103.53
4653
24202
3188109
19722503
7
4103.31
4655
28855
3191528
22914031
8
4103.62
4668
33510
3200898
26114929
9
4103.6
4656
38178
3183865
29298794
10
4103.06
4651
42834
3188846
32487640
11
4103.03
4650
47485
3185893
35673533
12
4103.04
4656
52135
3190810
38864343
13
4103.13
4652
56791
3185661
42050004
14
4103.46
4652
61443
3189966
45239970
15
4103.67
4653
66095
3189600
48429570
16
4103.57
4662
70748
3194938
51624508
17
4103.17
4654
75410
3190748
54815256
18
4103.24
4651
80064
3188596
58003852
19
4103.16
4650
84715
3189154
61193006
20
4102.96
4652
89365
3187783
20
109803
1
4103.5
5246
167
3553551
3663354
2
4103.56
4617
5413
3150134
6813488
3
4103.76
4609
10030
3148875
9962363
4
4103.82
4587
14639
3135541
13097904
5
4102.87
4625
19226
3159693
16257597
6
4103.2
4700
23851
3207493
19465090
7
4103.13
4658
28551
3181858
22646948
8
4103.11
4652
33209
3180228
25827176
9
4103.75
4594
37861
3140665
28967841
10
4103.06
4599
42455
3143826
32111667
11
4103.71
4606
47054
3144069
35255736
12
4103.18
4607
51660
3147840
38403576
13
4103.07
4617
56267
3156398
41559974
14
4103.51
4626
60884
3155851
44715825
15
4103.7
5724
65510
3912505
48628330
16
4103.12
4606
71234
3148580
51776910
17
4103.16
4619
75840
3157358
54934268
18
4103.03
4613
80459
3153508
58087776
19
4103.63
4616
85072
3154945
61242721
20
4103.49
4620
89688
-61242722
20
89950
1
3243.08
6558
146
4466388
4556338
2
3242.87
6155
6704
4226748
8783086
3
3243.61
6143
12859
4217435
13000521
4
3243.45
6153
19002
4230039
17230560
5
3243.36
6131
25155
4212732
21443292
6
3242.89
6162
31286
4235948
25679240
7
3243.63
6147
37448
4223635
29902875
8
3242.94
6132
43595
4208981
34111856
9
3243.34
6136
49727
4218155
38330011
10
3243.19
6139
55863
4220012
42550023
11
3243.04
6125
62002
4210053
46760076
12
3243.28
6155
68127
4231431
50991507
13
3243.5
6140
74282
4221233
55212740
14
3243.57
6129
80422
4207648
59420388
15
3243.15
6134
86551
4210684
63631072
16
3243.26
6128
92685
4219131
67850203
17
3242.99
6122
98813
4219745
72069948
18
3243.16
6138
104935
4225878
76295826
19
3242.91
6124
111073
4216230
80512056
20
3243.07
6110
117197
-80512057
20
87891
1
3243.34
6523
143
4446644
4534535
2
3243.21
6339
6666
4358241
8892776
3
3243.42
6192
13005
4266052
13158828
4
3243.33
7459
19197
5084469
18243297
5
3243.37
6193
26656
4274542
22517839
6
3243.22
6239
32849
4303156
26820995
7
3243
6321
39088
4362030
31183025
8
3242.92
6312
45409
4355862
35538887
9
3243.3
6309
51721
4350408
39889295
10
3243.11
6222
58030
4294509
44183804
11
3243.04
6257
64252
4321153
48504957
12
3242.94
6200
70509
4277126
52782083
13
3243.09
7428
76709
5079604
57861687
14
3243.19
6281
84137
4340949
62202636
15
3243.23
6261
90418
4327343
66529979
16
3243.45
6270
96679
4334435
70864414
17
3243.06
6239
102949
4312758
75177172
18
3242.97
6306
109188
4354427
79531599
19
3243.21
6252
115494
4326748
83858347
20
3243.49
6230
121746
-83858348
20
203022
1
3243.31
13286
333
9060899
9263921
2
3243.64
12583
13619
8676902
17940823
3
3243.55
15220
26202
10229491
28170314
4
3243.59
16139
41422
10743289
38913603
5
3243.62
16148
57561
10771214
49684817
6
3243.55
16191
73709
10794128
60478945
7
3243.59
16216
89900
10817243
71296188
8
3243.59
16258
106116
10836152
82132340
9
3243.58
16223
122374
10816297
92948637
10
3243.46
9965
138597
6648312
99596949
11
3243.58
8411
148562
5636829
105233778
12
3243.47
8320
156973
5580177
110813955
13
3243.6
8374
165293
5628718
116442673
14
3243.33
8397
173667
5656071
122098744
15
3243.46
8417
182064
5660523
127759267
16
3243.49
8477
190481
5691377
133450644
17
3243.43
8382
198958
5628220
139078864
18
3243.41
8449
207340
5674352
144753216
19
3243.64
8471
215789
5677332
150430548
20
3243.33
7438
224260
-150430549
20
102558
1
3147.33
7227
167
4936785
5039343
2
3147.02
6877
7394
4731070
9770413
3
3147.06
6897
14271
4755498
14525911
4
3147.1
6878
21168
4740996
19266907
5
3147.17
6884
28046
4745006
24011913
6
3146.96
6884
34930
4746846
28758759
7
3147.25
6865
41814
4733454
33492213
8
3146.99
6864
48679
4733177
38225390
9
3147.21
6861
55543
4730910
42956300
10
3147.26
6854
62404
4724308
47680608
11
3147.42
6877
69258
4741719
52422327
12
3147.27
6849
76135
4715683
57138010
13
3147
6839
82984
4715873
61853883
14
3147.14
6846
89823
4728443
66582326
15
3147.26
6825
96669
4716328
71298654
16
3147.3
6851
103494
4738363
76037017
17
3147.02
6825
110345
4719737
80756754
18
3147.34
6828
117170
4717783
85474537
19
3147.43
6806
123998
4706519
90181056
20
3147.34
6806
130804
-90181057
20
102636
1
3146.95
6987
167
4766538
4869174
2
3146.84
6798
7154
4669500
9538674
3
3147.29
6770
13952
4660744
14199418
4
3147.41
6747
20722
4643842
18843260
5
3147
6751
27469
4647880
23491140
6
3147.29
6748
34220
4644676
28135816
7
3147.42
6758
40968
4652639
32788455
8
3147.22
6753
47726
4648991
37437446
9
3147.32
6735
54479
4637571
42075017
10
3146.85
6717
61214
4625837
46700854
11
3147.03
6756
67931
4650880
51351734
12
3147.35
6737
74687
4639493
55991227
13
3147.21
6736
81424
4638509
60629736
14
3147.44
6730
88160
4626390
65256126
15
3147.19
6722
94890
4630833
69886959
16
3147.18
6706
101612
4624036
74510995
17
3146.83
6758
108318
4651421
79162416
18
3147.04
6792
115076
4683819
83846235
19
3147.24
6740
121868
4639359
88485594
20
3147.46
6705
128608
-88485595
20
102477
1
3147.06
7721
167
5198269
5300746
2
3147.03
7447
7888
5078390
10379136
3
3146.94
7534
15335
5135302
15514438
4
3147.25
7804
22869
5325815
20840253
5
3147.32
6951
30673
4804027
25644280
6
3147.19
6947
37624
4804622
30448902
7
3147.32
6949
44571
4806872
35255774
8
3147.31
6947
51520
4798561
40054335
9
3147.4
6953
58467
4800336
44854671
10
3146.98
6981
65420
4828356
49683027
11
3147.27
6995
72401
4837733
54520760
12
3147.2
6985
79396
4830861
59351621
13
3147.07
6992
86381
4833220
64184841
14
3147.27
6993
93373
4834332
69019173
15
3146.86
6974
100366
4829824
73848997
16
3147.1
7029
107340
4867973
78716970
17
3147
6995
114369
4842137
83559107
18
3147.09
6995
121364
4842435
88401542
19
3147.17
6955
128359
4816341
93217883
20
3146.92
6938
135314
4805300
20
104067
1
4798.84
8327
167
5665441
5769508
2
4799.03
7903
8494
5415960
11185468
3
4798.95
7901
16397
5423269
16608737
4
4799.27
7866
24298
5400552
22009289
5
4798.66
7904
32164
5417377
27426666
6
4799.19
7876
40068
5406038
32832704
7
4799.01
7841
47944
5383664
38216368
8
4799.06
7870
55785
5394225
43610593
9
4799.34
7887
63655
5415977
49026570
10
4799.03
7847
71542
5387317
54413887
11
4798.51
7816
79389
5366402
59780289
12
4799.11
7849
87205
5381630
65161919
13
4799.23
7844
95054
5389029
70550948
14
4798.67
7864
102898
5411742
75962690
15
4799.16
7830
110762
5376351
81339041
16
4798.95
7789
118592
5355826
86694867
17
4798.78
7837
126381
5386888
92081755
18
4799.3
7820
134218
5377248
97459003
19
4799.16
7789
142038
5347841
102806844
20
4798.92
7820
149827
-102806845
20
103896
1
4799
8214
167
5605933
5709829
2
4798.63
7763
8381
5344829
11054658
3
4798.56
7790
16144
5364545
16419203
4
4799.01
7749
23934
5338154
21757357
5
4799.11
7752
31683
5329864
27087221
6
4798.87
7734
39435
5325849
32413070
7
4798.89
7726
47169
5314054
37727124
8
4798.76
7742
54895
5331245
43058369
9
4799.14
7704
62637
5306512
48364881
10
4799.12
7707
70341
5300681
53665562
11
4799.13
7704
78048
5306402
58971964
12
4798.98
7715
85752
5314908
64286872
13
4798.92
7699
93467
5312405
69599277
14
4798.49
7688
101166
5301665
74900942
15
4798.68
7707
108854
5316042
80216984
16
4798.63
7693
116561
5306404
85523388
17
4799.18
7711
124254
5319001
90842389
18
4798.82
7682
131965
5298822
96141211
19
4798.77
7686
139647
5301720
101442931
20
4798.98
7664
147333
-101442932
20
104025
1
4798.66
8358
168
5665119
5769144
2
4798.78
9006
8526
6114374
11883518
3
4798.5
8015
17532
5496689
17380207
4
4799.26
8154
25547
5571615
22951822
5
4799.33
8181
33701
5607057
28558879
6
4798.64
7815
41882
5371990
33930869
7
4798.93
7848
49697
5398310
39329179
8
4798.77
7801
57545
5367343
44696522
9
4798.8
7797
65346
5365497
50062019
10
4799.04
7814
73143
5376886
55438905
11
4798.93
7814
80957
5367524
60806429
12
4798.85
7795
88771
5364480
66170909
13
4798.96
7778
96566
5356244
71527153
14
4799.22
7785
104344
5364409
76891562
15
4798.67
7777
112129
5351941
82243503
16
4799.16
7804
119906
5378927
87622430
17
4799.27
7773
127710
5371925
92994355
18
4798.93
7770
135483
5354185
98348540
19
4799.32
7764
143253
5342429
103690969
20
4798.72
7755
151017
-103690970
20
102053
1
7041.1
10052
164
6841427
6943480
2
7041.1
9497
10216
6533171
13476651
3
7041.39
9521
19713
6540189
20016840
4
7040.98
9488
29234
6531990
26548830
5
7041.5
9513
38722
6555913
33104743
6
7041.03
9477
48235
6530812
39635555
7
7041.4
9510
57712
6553325
46188880
8
7041.14
9473
67222
6525542
52714422
9
7041.43
9457
76695
6517077
59231499
10
7041.28
9478
86152
6530971
65762470
11
7041.4
9496
95630
6548414
72310884
12
7040.96
9485
105126
6545115
78855999
13
7040.91
9470
114611
6535024
85391023
14
7041.57
9489
124081
6548334
91939357
15
7041.4
9489
133570
6542003
98481360
16
7041.68
9505
143059
6549792
105031152
17
7041.31
9474
152564
6530310
111561462
18
7041.65
9497
162038
6526484
118087946
19
7041.62
9487
171535
6538763
124626709
20
7041.66
9454
181022
-124626710
20
95319
1
7041.26
9635
153
6577245
6672564
2
7040.82
9199
9788
6346441
13019005
3
7041.3
9176
18987
6327150
19346155
4
7040.91
9144
28163
6309572
25655727
5
7041.1
9159
37307
6318421
31974148
6
7041.44
9176
46466
6340523
38314671
7
7041.33
9144
55642
6318029
44632700
8
7041.11
9138
64786
6313823
50946523
9
7041.08
9138
73924
6312669
57259192
10
7041.6
9158
83062
6310136
63569328
11
7041.56
9138
92220
6304613
69873941
12
7040.84
9087
101358
6286533
76160474
13
7041.09
9095
110445
6285150
82445624
14
7041.19
9095
119540
6303425
88749049
15
7041.54
10232
128635
6946809
95695858
16
7040.92
9552
138867
6526331
102222189
17
7041.16
9089
148419
6264289
108486478
18
7041.17
9115
157508
6298361
114784839
19
7041.23
9073
166623
6259957
121044796
20
7040.97
9037
175696
-121044797
20
94449
1
7041.17
10194
152
6942265
7036714
2
7040.93
9734
10346
6700827
13737541
3
7041.36
9718
20080
6689625
20427166
4
7040.97
9716
29798
6692346
27119512
5
7041.24
9735
39514
6702695
33822207
6
7040.96
9748
49249
6711491
40533698
7
7041.49
9732
58997
6710232
47243930
8
7040.98
9735
68729
6710858
53954788
9
7041.4
9746
78464
6708677
60663465
10
7041.39
9739
88210
6705321
67368786
11
7041.48
9719
97949
6706453
74075239
12
7041.07
9746
107668
6709821
80785060
13
7041.22
9721
117414
6702492
87487552
14
7041.05
9718
127135
6709846
94197398
15
7041.16
9703
136853
6692177
100889575
16
7041.45
9709
146556
6694403
107583978
17
7041.41
9714
156265
6699513
114283491
18
7041.31
9692
165979
6684005
120967496
19
7041.02
9705
175671
6693269
127660765
20
7041.15
9691
185376
-127660766
20
110458
1
1621.43
3490
174
2372877
2483335
2
1621.05
3009
3664
2056106
4539441
3
1621.57
3015
6673
2065775
6605216
4
1621.13
2996
9688
2055278
8660494
5
1621.15
2991
12684
2052346
10712840
6
1621.21
3017
15675
2070554
12783394
7
1621.29
3008
18692
2063703
14847097
8
1621.65
2991
21700
2052401
16899498
9
1621.36
2984
24691
2049462
18948960
10
1621.35
2986
27675
2048763
20997723
11
1621.63
2976
30661
2041552
23039275
12
1621.33
2988
33637
2050059
25089334
13
1621.24
2996
36625
2057576
27146910
14
1621.33
2987
39621
2051526
29198436
15
1621.42
2983
42608
2045783
31244219
16
1621.19
2990
45591
2053300
33297519
17
1621.52
2987
48581
2049241
35346760
18
1621.44
2989
51568
2052922
37399682
19
1621.07
2979
54557
2045730
39445412
20
1621.65
2964
57536
-39445413
20
106644
1
1621.1
3120
168
2121598
2228242
2
1621.72
2823
3288
1932941
4161183
3
1621.62
2819
6111
1930950
6092133
4
1621.71
2815
8930
1930005
8022138
5
1621.16
2817
11745
1931376
9953514
6
1621.38
2807
14562
1925261
11878775
7
1621.16
2804
17369
1923186
13801961
8
1621.3
2795
20173
1919561
15721522
9
1621.26
2792
22968
1917549
17639071
10
1621.33
2794
25760
1915954
19555025
11
1621.5
2805
28554
1923957
21478982
12
1621.48
2795
31359
1918600
23397582
13
1621.26
2792
34154
1917268
25314850
14
1621.32
2794
36946
1915559
27230409
15
1621.51
2791
39740
1916621
29147030
16
1621.67
2791
42531
1911290
31058320
17
1621.53
2784
45322
1911298
32969618
18
1621.59
2785
48106
1912404
34882022
19
1621.42
2782
50891
1906600
36788622
20
1621.46
2786
53673
-36788623
20
105424
1
1621.4
3537
167
2410764
2516188
2
1621.62
3249
3704
2228691
4744879
3
1621.63
3270
6953
2246225
6991104
4
1621.59
3273
10223
2251226
9242330
5
1621.69
3275
13496
2254787
11497117
6
1621.4
3334
16771
2287156
13784273
7
1621.46
3288
20105
2254714
16038987
8
1621.4
3277
23393
2254480
18293467
9
1621.47
3275
26670
2248353
20541820
10
1621.34
3279
29945
2257743
22799563
11
1621.55
3275
33224
2252625
25052188
12
1621.41
3286
36499
2262005
27314193
13
1621.28
3276
39785
2255886
29570079
14
1621.36
3284
43061
2259481
31829560
15
1621.16
3283
46345
2260068
34089628
16
1621.45
3277
49628
2253660
36343288
17
1621.54
3277
52905
2256326
38599614
18
1621.66
3270
56182
2251436
40851050
19
1621.33
3270
59452
2251628
43102678
20
1621.46
3265
62722
-43102679
20
106007
1
4441.15
7918
167
5393477
5499484
2
4440.7
7438
8085
5110309
10609793
3
4440.94
7430
15523
5105897
15715690
4
4440.69
7405
22953
5090267
20805957
5
4441.24
7419
30358
5099865
25905822
6
4440.77
7405
37777
5090124
30995946
7
4441.26
7412
45182
5094532
36090478
8
4440.52
7405
52594
5090401
41180879
9
4441.02
7398
59999
5083361
46264240
10
4440.78
7398
67397
5077923
51342163
11
4440.63
7397
74795
5084911
56427074
12
4440.86
7393
82192
5080499
61507573
13
4440.88
7390
89585
5079927
66587500
14
4440.77
7377
96975
5082973
71670473
15
4441.26
7361
104352
5074662
76745135
16
4440.88
7381
111713
5087674
81832809
17
4441.08
7370
119094
5080447
86913256
18
4440.57
7375
126464
5069508
91982764
19
4441.1
7368
133839
5071679
97054443
20
4441.27
7365
141207
-97054444
20
103016
1
4440.71
7720
162
5268100
5371116
2
4440.84
7285
7882
5011835
10382951
3
4441.17
7285
15167
5013087
15396038
4
4440.67
7268
22452
4995543
20391581
5
4441.1
7266
29720
5001771
25393352
6
4440.78
7276
36986
5008288
30401640
7
4440.74
7307
44262
5029791
35431431
8
4441.16
7254
51569
4994403
40425834
9
4440.87
7247
58823
4988565
45414399
10
4440.88
7238
66070
4983397
50397796
11
4440.48
7254
73308
4986567
55384363
12
4440.7
7237
80562
4982238
60366601
13
4441.17
7240
87799
4977160
65343761
14
4441.23
7235
95039
4981715
70325476
15
4441.26
7237
102274
4982560
75308036
16
4440.52
7256
109511
5009378
80317414
17
4441.01
7228
116767
4990136
85307550
18
4440.86
7243
123995
4978472
90286022
19
4440.73
7230
131238
4984890
95270912
20
4440.75
7222
138468
-95270913
20
93232
1
4440.73
7740
147
5273481
5366713
2
4441.06
7332
7887
5028711
10395424
3
4441.12
7310
15219
5022087
15417511
4
4441.02
7295
22529
5011437
20428948
5
4440.95
7284
29824
5005585
25434533
6
4440.99
7288
37108
5013557
30448090
7
4440.82
7295
44396
5012481
35460571
8
4441.1
7272
51691
5004046
40464617
9
4440.84
7273
58963
5004447
45469064
10
4440.66
7263
66236
4997393
50466457
11
4441.04
7270
73499
5001975
55468432
12
4440.66
7279
80769
5008520
60476952
13
4441.28
7256
88048
4999317
65476269
14
4440.89
7257
95304
5010511
70486780
15
4440.74
7252
102561
5004418
75491198
16
4440.99
7259
109813
4994145
80485343
17
4440.87
7267
117072
5000429
85485772
18
4440.7
7243
124339
4983391
90469163
19
4441.13
7238
131582
4987174
95456337
20
4440.81
7224
138820
-95456338
20
126107
1
5783.53
9253
191
6300738
6426845
2
5783.65
8517
9444
5839877
12266722
3
5783.54
8511
17961
5836888
18103610
4
5783.88
8494
26472
5835711
23939321
5
5783.89
8501
34966
5840067
29779388
6
5783.98
8489
43467
5832740
35612128
7
5783.67
8518
51956
5849976
41462104
8
5783.65
8501
60474
5840474
47302578
9
5783.98
8507
68975
5844869
53147447
10
5783.85
8510
77482
5844681
58992128
11
5784.01
8485
85992
5829793
64821921
12
5783.61
8505
94477
5846487
70668408
13
5784
8493
102982
5852250
76520658
14
5783.97
8524
111475
5873390
82394048
15
5783.62
8471
119999
5827999
88222047
16
5783.73
8484
128470
5835192
94057239
17
5783.46
8481
136954
5835200
99892439
18
5783.47
8494
145435
5839185
105731624
19
5783.44
8480
153929
5827617
111559241
20
5783.91
8475
162409
-111559242
20
122705
1
5783.79
9018
186
6164043
6286748
2
5783.66
8421
9204
5803632
12090380
3
5783.98
8414
17625
5800437
17890817
4
5784.02
8393
26039
5786270
23677087
5
5783.39
8383
34432
5779448
29456535
6
5783.73
8379
42815
5777512
35234047
7
5784.09
8391
51194
5785467
41019514
8
5784
8369
59585
5759922
46779436
9
5784.09
8386
67954
5773841
52553277
10
5783.55
8374
76340
5773464
58326741
11
5783.95
8390
84714
5784650
64111391
12
5783.91
8375
93104
5767204
69878595
13
5784.01
8353
101479
5776412
75655007
14
5783.48
8351
109832
5781382
81436389
15
5783.7
8348
118183
5772291
87208680
16
5783.92
8354
126531
5776161
92984841
17
5783.99
8348
134885
5771399
98756240
18
5784.09
8381
143233
5780776
104537016
19
5783.41
8370
151614
5771784
110308800
20
5783.79
8405
159984
-110308801
20
116109
1
5783.57
9262
176
6314440
6430549
2
5783.35
8652
9438
5948149
12378698
3
5783.62
8705
18090
5984260
18362958
4
5783.4
8681
26795
5968221
24331179
5
5784.02
8693
35476
5977216
30308395
6
5783.57
8652
44169
5948898
36257293
7
5783.78
8580
52821
5898134
42155427
8
5783.96
8557
61401
5884338
48039765
9
5783.59
8563
69958
5879533
53919298
10
5783.98
8541
78521
5872857
59792155
11
5783.93
8554
87062
5873826
65665981
12
5783.38
8553
95616
5883344
71549325
13
5783.65
8557
104169
5890405
77439730
14
5783.65
8537
112726
5879011
83318741
15
5783.61
8529
121263
5873505
89192246
16
5783.91
8520
129792
5876351
95068597
17
5783.83
8530
138312
5882265
100950862
18
5783.5
8518
146842
5870270
106821132
19
5783.83
8519
155360
5867987
112689119
20
5783.63
8512
163879
-112689120
20
109820
1
3703.64
4978
167
3371820
3481640
2
3703.61
4228
5145
2884917
6366557
3
3703.37
4216
9373
2879274
9245831
4
3703.12
4204
13589
2873735
12119566
5
3703.34
4210
17793
2877984
14997550
6
3703.37
4204
22003
2872904
17870454
7
3703.07
4205
26207
2870381
20740835
8
3703.41
4201
30412
2867530
23608365
9
3703.09
4214
34613
2880686
26489051
10
3703.73
4211
38827
2878446
29367497
11
3703.7
4258
43038
2909070
32276567
12
3703.47
4211
47296
2878273
35154840
13
3703.06
4218
51507
2883225
38038065
14
3702.97
4225
55725
2886174
40924239
15
3703.03
4216
59950
2882350
43806589
16
3703.22
4216
64166
2881717
46688306
17
3703.58
4216
68382
2881815
49570121
18
3703.26
4224
72598
2885760
52455881
19
3702.92
4223
76822
2882676
55338557
20
3703.71
4221
81045
-55338558
20
110314
1
3703
4969
167
3375182
3485496
2
3702.97
4251
5136
2910405
6395901
3
3702.88
4255
9387
2915560
9311461
4
3703.27
4250
13642
2914389
12225850
5
3703.53
4259
17892
2918493
15144343
6
3703.34
4268
22151
2924856
18069199
7
3703.83
4255
26419
2916337
20985536
8
3703.28
4248
30674
2910897
23896433
9
3703.71
4258
34922
2918017
26814450
10
3703.03
4247
39180
2912547
29726997
11
3703.35
4246
43427
2912312
32639309
12
3703.3
4248
47673
2913239
35552548
13
3703.73
4251
51921
2913404
38465952
14
3703.24
4253
56172
2916467
41382419
15
3703.82
4248
60425
2914181
44296600
16
3703.77
4249
64673
2913558
47210158
17
3702.88
4244
68922
2906871
50117029
18
3703.23
4249
73166
2914183
53031212
19
3703.31
4247
77415
2912634
55943846
20
3703.27
4245
81662
-55943847
20
109297
1
3703.7
4995
167
3382819
3492116
2
3703.49
4307
5162
2934129
6426245
3
3703.02
4308
9469
2942825
9369070
4
3703.82
4305
13777
2942696
12311766
5
3703.31
4301
18082
2939022
15250788
6
3703.38
4293
22383
2932832
18183620
7
3703.29
4290
26676
2932231
21115851
8
3703.41
4295
30966
2934114
24049965
9
3702.95
4295
35261
2936489
26986454
10
3703.19
4290
39556
2932877
29919331
11
3703.29
4292
43846
2932359
32851690
12
3703.56
4313
48138
2945775
35797465
13
3702.88
4322
52451
2952583
38750048
14
3703.56
4310
56773
2946151
41696199
15
3703.44
4309
61083
2941444
44637643
16
3703.37
4310
65392
2945904
47583547
17
3703.18
4316
69702
2950231
50533778
18
3703.03
4308
74018
2945049
53478827
19
3703.74
4310
78326
2941484
56420311
20
3703.5
4312
82636
-56420312
20
110618
1
2977.18
4147
168
2810582
2921200
2
2977.59
3448
4315
2346788
5267988
3
2976.71
3451
7763
2352999
7620987
4
2976.98
3449
11214
2356788
9977775
5
2977.25
3435
14663
2348057
12325832
6
2977.52
3437
18098
2350951
14676783
7
2976.98
3431
21535
2345085
17021868
8
2976.93
3431
24966
2343617
19365485
9
2977.54
3431
28397
2343799
21709284
10
2977.5
3431
31828
2344297
24053581
11
2976.96
3436
35259
2350192
26403773
12
2977.41
3432
38695
2347519
28751292
13
2977.54
3431
42127
2345496
31096788
14
2977.34
3434
45558
2347266
33444054
15
2976.82
3453
48992
2361898
35805952
16
2977.28
3442
52445
2354248
38160200
17
2976.92
3447
55887
2356245
40516445
18
2976.88
3445
59334
2356390
42872835
19
2976.85
3441
62779
2353888
45226723
20
2977.14
3441
66220
-45226724
20
109574
1
2977.31
4228
167
2872352
2981926
2
2977.13
3527
4395
2411384
5393310
3
2976.71
3521
7922
2411667
7804977
4
2977.46
3521
11443
2415023
10220000
5
2977.27
3532
14964
2420500
12640500
6
2977.59
3533
18496
2421653
15062153
7
2977.46
3523
22029
2415016
17477169
8
2977.47
3518
25552
2412863
19890032
9
2977.51
3521
29070
2415154
22305186
10
2977.23
3520
32591
2413724
24718910
11
2976.61
3522
36111
2411826
27130736
12
2977.18
3518
39633
2411619
29542355
13
2976.62
3517
43151
2411481
31953836
14
2977.07
3517
46668
2411504
34365340
15
2977.06
3524
50185
2415132
36780472
16
2977.08
3518
53709
2413520
39193992
17
2977
3524
57227
2418024
41612016
18
2976.79
3516
60751
2412912
44024928
19
2977.57
3517
64267
2408601
46433529
20
2976.75
3515
67784
2406485
20
109664
1
2976.72
3982
167
2697332
2806996
2
2976.87
3409
4149
2326432
5133428
3
2977.05
3420
7558
2334906
7468334
4
2977.24
3412
10978
2331837
9800171
5
2977.32
3396
14390
2320429
12120600
6
2977.56
3399
17786
2324596
14445196
7
2977.09
3389
21185
2317775
16762971
8
2977.47
3392
24574
2319349
19082320
9
2976.99
3390
27966
2314535
21396855
10
2977.25
3390
31356
2317234
23714089
11
2976.98
3393
34746
2320140
26034229
12
2976.86
3390
38139
2318404
28352633
13
2977.34
3382
41529
2309737
30662370
14
2976.9
3400
44911
2322807
32985177
15
2977.21
3398
48311
2320694
35305871
16
2976.8
3399
51709
2319272
37625143
17
2976.96
3403
55108
2327084
39952227
18
2977.16
3393
58511
2320468
42272695
19
2976.87
3394
61904
2321161
44593856
20
2977.31
3393
65298
-44593857
20
110816
1
2311.61
4053
167
2753722
2864538
2
2311.71
3461
4220
2365613
5230151
3
2311.66
3456
7681
2367330
7597481
4
2311.51
3469
11137
2378377
9975858
5
2311.11
3455
14606
2368311
12344169
6
2311.17
3477
18061
2385740
14729909
7
2311.36
3457
21538
2371608
17101517
8
2311.66
3450
24995
2366584
19468101
9
2311.44
3441
28445
2360461
21828562
10
2311.18
3450
31886
2363550
24192112
11
2311.71
3439
35336
2355411
26547523
12
2311.46
3445
38775
2361614
28909137
13
2311.51
3445
42220
2358457
31267594
14
2311.59
3437
45665
2358019
33625613
15
2311.72
3440
49102
2358401
35984014
16
2311.12
3432
52542
2354492
38338506
17
2311.69
3446
55974
2364042
40702548
18
2311.49
3432
59420
2354030
43056578
19
2311.77
3438
62852
2358274
45414852
20
2311.34
3433
66290
-45414853
20
110726
1
2311.29
3732
167
2546943
2657669
2
2311.71
3208
3899
2204905
4862574
3
2311.62
3205
7107
2202703
7065277
4
2311.73
3212
10312
2210554
9275831
5
2311.25
3203
13524
2203919
11479750
6
2311.35
3209
16727
2208322
13688072
7
2311.27
3219
19936
2217021
15905093
8
2311.35
3211
23155
2208182
18113275
9
2311.24
3192
26366
2196256
20309531
10
2311.68
3200
29558
2202349
22511880
11
2311.59
3200
32758
2202360
24714240
12
2311.43
3204
35958
2206553
26920793
13
2311.58
3194
39162
2200158
29120951
14
2311.16
3191
42356
2196019
31316970
15
2311.64
3190
45547
2197056
33514026
16
2311.77
3184
48737
2193073
35707099
17
2311.2
3179
51921
2189639
37896738
18
2311.75
3183
55100
2189211
40085949
19
2311.53
3194
58283
2200274
42286223
20
2311.7
3183
61477
-42286224
20
110718
1
2311.56
4111
167
2796567
2907285
2
2311.38
3568
4278
2441388
5348673
3
2311.09
3566
7846
2445254
7793927
4
2311.7
3559
11412
2438745
10232672
5
2311.53
3559
14971
2444038
12676710
6
2311.5
3566
18530
2446525
15123235
7
2311.12
3546
22096
2433520
17556755
8
2311.77
3551
25642
2436758
19993513
9
2311.68
3543
29193
2431357
22424870
10
2311.56
3544
32736
2432042
24856912
11
2311.68
3551
36280
2433308
27290220
12
2311.65
3546
39831
2433382
29723602
13
2311.44
3540
43377
2430896
32154498
14
2311.52
3545
46917
2432638
34587136
15
2311.64
3541
50462
2430026
37017162
16
2311.09
3563
54003
2442937
39460099
17
2311.27
3542
57566
2432275
41892374
18
2311.24
3548
61108
2436565
44328939
19
2311.3
3540
64656
2430763
46759702
20
2311.26
3539
68196
-46759703
20
106006
1
1014.1
4282
167
2930562
3036568
2
1014.13
3957
4449
2728228
5764796
3
1013.85
3951
8406
2722647
8487443
4
1014.04
3950
12357
2729789
11217232
5
1014.16
3961
16307
2735393
13952625
6
1013.88
3945
20268
2724289
16676914
7
1013.86
3953
24213
2725983
19402897
8
1014.18
3949
28166
2724600
22127497
9
1013.93
3969
32115
2739123
24866620
10
1014.15
3968
36084
2742004
27608624
11
1013.81
3946
40052
2722575
30331199
12
1013.77
3941
43998
2722870
33054069
13
1014.12
3943
47939
2720134
35774203
14
1013.95
3955
51882
2732644
38506847
15
1014.01
3953
55837
2729524
41236371
16
1014.1
3948
59790
2727741
43964112
17
1014.09
3943
63738
2724079
46688191
18
1014.15
3940
67681
2718399
49406590
19
1014.13
3967
71621
2740807
52147397
20
1013.96
3938
75588
-52147398
20
106095
1
1014.16
5108
167
3459229
3565324
2
1013.79
4897
5275
3349901
6915225
3
1014.21
4891
10172
3352963
10268188
4
1013.9
4935
15063
3374858
13643046
5
1014.07
4987
19998
3411354
17054400
6
1013.92
5012
24985
3427346
20481746
7
1013.82
5092
29997
3479123
23960869
8
1013.8
5288
35089
3619249
27580118
9
1014.22
5434
40377
3720121
31300239
10
1013.86
5373
45811
3670487
34970726
11
1014
5398
51184
3691372
38662098
12
1014.05
5469
56582
3744958
42407056
13
1014.2
5365
62051
3673077
46080133
14
1014.08
5456
67416
3728537
49808670
15
1014.04
5399
72872
3695489
53504159
16
1014.03
5482
78271
3736188
57240347
17
1013.77
5404
83753
3695058
60935405
18
1013.85
5508
89157
3768393
64703798
19
1013.75
5361
94665
3663487
68367285
20
1014.01
5445
100026
-68367286
20
105925
1
1014.2
4037
167
2721139
2827064
2
1014.19
3834
4204
2603671
5430735
3
1014.05
3861
8038
2631325
8062060
4
1013.85
3866
11899
2639107
10701167
5
1014.19
3887
15765
2656195
13357362
6
1013.89
3879
19652
2655661
16013023
7
1014.05
3892
23531
2665565
18678588
8
1014.05
3889
27423
2660367
21338955
9
1013.84
3904
31312
2678523
24017478
10
1014.2
3911
35216
2687178
26704656
11
1013.8
3902
39127
2684261
29388917
12
1013.91
3936
43029
2710060
32098977
13
1014.16
3936
46965
2710523
34809500
14
1013.82
3929
50901
2706217
37515717
15
1014.17
3948
54830
2720089
40235806
16
1013.78
3954
58778
2723322
42959128
17
1014.18
3953
62732
2720769
45679897
18
1013.92
3961
66685
2730823
48410720
19
1014.16
3971
70646
2734060
51144780
20
1013.95
3975
74617
-51144781
20
105292
1
1412.65
5600
166
3834336
3939628
2
1412.72
5360
5766
3698687
7638315
3
1412.76
5346
11126
3695773
11334088
4
1412.59
5351
16472
3696553
15030641
5
1412.56
5334
21823
3687057
18717698
6
1412.66
5344
27157
3688819
22406517
7
1412.52
5355
32501
3699611
26106128
8
1412.51
5344
37856
3693366
29799494
9
1412.81
5352
43200
3698992
33498486
10
1412.49
5349
48552
3696557
37195043
11
1412.86
5350
53901
3697137
40892180
12
1412.65
5348
59251
3696004
44588184
13
1412.68
5363
64599
3695349
48283533
14
1412.6
5348
69962
3690395
51973928
15
1412.66
5336
75310
3687351
55661279
16
1412.82
5337
80646
3688213
59349492
17
1412.52
5342
85983
3686366
63035858
18
1412.62
5336
91325
3682147
66718005
19
1412.59
5336
96661
3684323
70402328
20
1412.71
5343
101997
-70402329
20
105916
1
1412.54
6855
167
4588538
4694454
2
1412.77
7209
7022
4842462
9536916
3
1412.85
6690
14231
4525298
14062214
4
1412.73
6778
20921
4582852
18645066
5
1412.65
7312
27699
4917821
23562887
6
1412.53
6750
35011
4575028
28137915
7
1412.57
6895
41761
4658257
32796172
8
1412.69
6991
48656
4738879
37535051
9
1412.55
7154
55647
4825770
42360821
10
1412.54
7066
62801
4786693
47147514
11
1412.71
7053
69867
4782099
51929613
12
1412.8
7054
76920
4757631
56687244
13
1412.77
6445
83974
4388764
61076008
14
1412.79
7096
90419
4812074
65888082
15
1412.72
6799
97515
4606610
70494692
16
1412.73
7156
104314
4862462
75357154
17
1412.89
7196
111470
4887370
80244524
18
1412.84
7697
118666
5204888
85449412
19
1412.79
7034
126363
4782886
90232298
20
1412.77
7320
133397
-90232299
20
106082
1
1412.61
5402
167
3625658
3731740
2
1412.53
5223
5569
3540121
7271861
3
1412.59
5232
10792
3552813
10824674
4
1412.87
5258
16024
3573805
14398479
5
1412.59
5253
21282
3571532
17970011
6
1412.61
5286
26535
3603453
21573464
7
1412.65
5310
31821
3625717
25199181
8
1412.55
5304
37131
3632967
28832148
9
1412.54
5318
42435
3649187
32481335
10
1412.56
5317
47753
3652327
36133662
11
1412.67
5355
53070
3686956
39820618
12
1412.76
5368
58425
3700499
43521117
13
1412.86
5385
63793
3713821
47234938
14
1412.84
5388
69178
3719420
50954358
15
1412.56
5378
74566
3709783
54664141
16
1412.51
5390
79944
3724899
58389040
17
1412.84
5386
85334
3722322
62111362
18
1412.74
5396
90720
3729387
65840749
19
1412.49
5385
96116
3713055
69553804
20
1412.81
5409
101501
-69553805
20
109459
1
6282.7
10651
167
7265551
7375010
2
6282.23
10133
10818
6991489
14366499
3
6282.59
10122
20951
6983524
21350023
4
6282.72
10120
31073
6973790
28323813
5
6281.94
10140
41193
6997585
35321398
6
6281.85
10154
51333
6997549
42318947
7
6282.52
10130
61487
6991001
49309948
8
6282.21
10147
71617
7002565
56312513
9
6282.2
10152
81764
7010248
63322761
10
6282.3
10136
91916
7017029
70339790
11
6282.51
10162
102052
7035319
77375109
12
6282.48
10171
112214
7029446
84404555
13
6282.1
10188
122385
7051383
91455938
14
6282.22
10161
132573
7032374
98488312
15
6282.51
10192
142734
7043837
105532149
16
6282.36
10211
152926
7054916
112587065
17
6282.12
10204
163137
7034097
119621162
18
6282.43
10198
173341
7050368
126671530
19
6282.34
10206
183539
7023831
133695361
20
6282.5
10208
193745
-133695362
20
100135
1
6282.74
9638
153
6554227
6654362
2
6282.06
9229
9791
6360385
13014747
3
6282.09
9249
19020
6370961
19385708
4
6282.14
9297
28269
6421971
25807679
5
6281.95
9401
37566
6475913
32283592
6
6282.33
9575
46967
6598181
38881773
7
6282.03
9579
56542
6623316
45505089
8
6282.32
9567
66121
6615699
52120788
9
6282.61
9586
75688
6628256
58749044
10
6282.12
9627
85274
6649966
65399010
11
6282.22
9632
94901
6664839
72063849
12
6282.51
9653
104533
6683305
78747154
13
6282.42
9694
114186
6706614
85453768
14
6282.69
14128
123880
9331159
94784927
15
6282.11
9259
138008
6389448
101174375
16
6281.93
9492
147267
6570712
107745087
17
6282.08
9569
156759
6619501
114364588
18
6282.06
9785
166328
6751369
121115957
19
6282.27
9661
176113
6692707
127808664
20
6282.23
12485
185774
-127808665
20
98259
1
6282.64
10455
150
7084998
7183257
2
6282.59
12797
10605
8524962
15708219
3
6282.7
13681
23402
9054935
24763154
4
6282.52
13354
37083
8842812
33605966
5
6282.78
13440
50437
8903462
42509428
6
6282.63
13366
63877
8884530
51393958
7
6282.8
13440
77243
8898699
60292657
8
6282.49
13433
90683
8913324
69205981
9
6282.4
13382
104116
8888536
78094517
10
6282.47
13343
117498
8877597
86972114
11
6282.61
13140
130841
8721289
95693403
12
6282.36
13015
143981
8665307
104358710
13
6282.72
13027
156996
8676683
113035393
14
6282.33
12936
170023
8637225
121672618
15
6282.68
13138
182959
8736823
130409441
16
6282.35
13019
196097
8672026
139081467
17
6282.37
12537
209116
8362859
147444326
18
6282.75
12955
221653
8640118
156084444
19
6282.77
12701
234608
8481967
164566411
20
6282.37
12446
247309
-164566412
20
109305
1
3273.91
6679
167
4547835
4657140
2
3273.89
6318
6846
4336734
8993874
3
3274.18
6312
13164
4335984
13329858
4
3273.85
6318
19476
4339557
17669415
5
3273.54
6294
25794
4327367
21996782
6
3273.63
6290
32088
4328493
26325275
7
3273.96
6289
38378
4326406
30651681
8
3273.7
6271
44667
4308442
34960123
9
3273.77
6277
50938
4320056
39280179
10
3273.88
6285
57215
4318376
43598555
11
3273.6
6266
63500
4305499
47904054
12
3273.9
6275
69766
4317483
52221537
13
3273.69
6280
76041
4321198
56542735
14
3273.96
6267
82321
4310924
60853659
15
3273.91
6262
88588
4309833
65163492
16
3274.16
6300
94850
4336605
69500097
17
3273.99
6259
101150
4313013
73813110
18
3273.95
6243
107409
4302476
78115586
19
3273.6
6254
113652
4322969
82438555
20
3274.03
6253
119906
-82438556
20
110077
1
3273.59
6474
167
4411023
4521100
2
3273.55
6168
6641
4223598
8744698
3
3274
6196
12809
4263230
13007928
4
3273.57
6132
19005
4222263
17230191
5
3273.82
6118
25137
4210961
21441152
6
3273.53
6127
31255
4219080
25660232
7
3274.18
6110
37382
4207035
29867267
8
3273.71
6112
43492
4202195
34069462
9
3274.05
6106
49604
4198122
38267584
10
3273.94
6097
55710
4197489
42465073
11
3273.9
6096
61807
4191308
46656381
12
3273.53
6107
67903
4205019
50861400
13
3274.11
6102
74010
4201788
55063188
14
3273.94
6100
80112
4193836
59257024
15
3273.87
6084
86212
4183651
63440675
16
3274.2
6089
92296
4186386
67627061
17
3273.83
6050
98385
4176798
71803859
18
3273.85
6044
104435
4167204
75971063
19
3273.67
6060
110479
4181329
80152392
20
3273.73
6079
116539
-80152393
20
109242
1
3273.82
6651
167
4499526
4608768
2
3274.14
6215
6818
4253107
8861875
3
3274
6243
13033
4267288
13129163
4
3273.5
6247
19276
4275228
17404391
5
3274.15
6235
25523
4268795
21673186
6
3273.55
6227
31758
4257436
25930622
7
3273.43
6271
37985
4294102
30224724
8
3274.04
6287
44256
4305195
34529919
9
3274.03
6280
50543
4300989
38830908
10
3274.11
6992
56823
4725672
43556580
11
3273.91
7157
63815
4827366
48383946
12
3274.06
7149
70972
4821100
53205046
13
3273.99
7143
78121
4823586
58028632
14
3273.99
7145
85264
4818784
62847416
15
3274.09
7130
92409
4816732
67664148
16
3273.98
7123
99539
4817944
72482092
17
3274.16
7152
106662
4835108
77317200
18
3274.19
7147
113814
4843108
82160308
19
3274.2
7132
120961
4840223
87000531
20
3274.19
6427
128093
-87000532
20
104648
1
22129.1
39253
167
26796484
26901132
2
22129.5
38733
39420
26717753
53618885
3
22129.3
38662
78153
26686776
80305661
4
22129.3
38592
116815
26620362
106926023
5
22129.3
38463
155407
26556637
133482660
6
22129.7
40214
193870
27554747
161037407
7
22129
39834
234084
27374148
188411555
8
22129.5
38734
273918
26733706
215145261
9
22129.2
38631
312652
26663326
241808587
10
22129.4
38524
351283
26551915
268360502
11
22129.5
38412
389807
26514107
294874609
12
22129.7
40195
428219
27539748
322414357
13
22129.7
39780
468414
27335240
349749597
14
22129.4
38697
508194
26708950
376458547
15
22129.2
38591
546891
26637738
403096285
16
22129.3
38482
585482
26562896
429659181
17
22129.3
38387
623964
26496975
456156156
18
22129.5
39691
662351
27228260
483384416
19
22129.1
39412
702042
27076239
510460655
20
22129.7
38374
741454
-510460656
20
104557
1
22129.1
42770
167
29166223
29270780
2
22129.4
42506
42937
29300877
58571657
3
22129.7
42679
85443
29451576
88023233
4
22129.2
41487
128122
28721965
116745198
5
22129.4
47518
169609
32322435
149067633
6
22129.7
41890
217127
28770429
177838062
7
22129.1
42253
259017
29104674
206942736
8
22129.7
41979
301270
28912050
235854786
9
22129.4
41897
343249
28927479
264782265
10
22129.7
45355
385146
30977514
295759779
11
22129.4
42176
430501
28949986
324709765
12
22129.6
42016
472677
28955001
353664766
13
22129.1
42023
514693
29026607
382691373
14
22129.6
47153
556716
32146527
414837900
15
22129.1
42571
603869
29237162
444075062
16
22129
41959
646440
28985761
473060823
17
22129.8
42807
688399
29543224
502604047
18
22129.7
46063
731206
31448575
534052622
19
22129.3
43169
777269
29622675
563675297
20
22129.1
41644
820438
28763463
20
103322
1
22129.3
41621
165
28445125
28548447
2
22129.6
42871
41786
29406406
57954853
3
22129.5
43735
84657
29849729
87804582
4
22129.4
40552
128392
27939542
115744124
5
22129.4
41296
168944
28480514
144224638
6
22129.5
44611
210240
30480790
174705428
7
22129.4
44579
254851
30485620
205191048
8
22129.7
44809
299430
30559273
235750321
9
22129.5
43941
344239
30041609
265791930
10
22129.7
43926
388180
30009986
295801916
11
22129.1
41313
432106
28437627
324239543
12
22129.7
40541
473419
28001235
352240778
13
22129.6
40804
513960
28113766
380354544
14
22129.5
39981
554764
27660437
408014981
15
22129.3
39945
594745
27636825
435651806
16
22129.5
41664
634690
28607689
464259495
17
22129.7
41420
676354
28501984
492761479
18
22129.6
42300
717774
29077178
521838657
19
22129.6
44390
760074
30355952
552194609
20
22129.8
40430
804464
-552194610
20
107552
1
3822.57
7593
168
5172611
5280163
2
3822.44
7193
7761
4941329
10221492
3
3822.6
7202
14954
4942054
15163546
4
3822.55
7175
22156
4930464
20094010
5
3822.91
7190
29331
4941059
25035069
6
3822.97
7197
36521
4947501
29982570
7
3822.78
7177
43718
4926494
34909064
8
3822.88
7177
50895
4931823
39840887
9
3822.48
7164
58072
4924893
44765780
10
3822.88
7179
65236
4933829
49699609
11
3822.68
7178
72415
4934539
54634148
12
3822.89
7165
79593
4925765
59559913
13
3822.47
7164
86758
4917912
64477825
14
3822.94
7139
93922
4914146
69391971
15
3822.83
7158
101061
4935511
74327482
16
3822.93
7168
108219
4949610
79277092
17
3822.67
7146
115387
4934672
84211764
18
3822.59
7165
122533
4939862
89151626
19
3822.82
7152
129698
4923771
94075397
20
3823.01
7158
136850
-94075398
20
106806
1
3823.01
7673
168
5233200
5340006
2
3823.02
7314
7841
5029411
10369417
3
3822.99
7306
15155
5026233
15395650
4
3822.77
7300
22461
5021534
20417184
5
3822.72
7311
29761
5023208
25440392
6
3822.76
7305
37072
5024051
30464443
7
3822.83
7276
44377
5004836
35469279
8
3822.54
7285
51653
5007438
40476717
9
3822.63
7271
58938
5001110
45477827
10
3823.05
7270
66209
5001471
50479298
11
3822.43
7284
73479
5000536
55479834
12
3823.02
7268
80763
4999237
60479071
13
3822.7
7252
88031
4987746
65466817
14
3822.54
7248
95283
4990857
70457674
15
3823.02
7243
102531
4989655
75447329
16
3822.68
7248
109774
4994690
80442019
17
3822.91
7233
117022
4989301
85431320
18
3823.03
7239
124255
4988561
90419881
19
3822.58
7243
131494
4992125
95412006
20
3822.73
7241
138737
-95412007
20
106833
1
3823.01
7890
167
5342679
5449512
2
3822.85
7571
8057
5176261
10625773
3
3822.51
7552
15628
5171648
15797421
4
3822.79
7522
23180
5148880
20946301
5
3822.53
7542
30702
5167121
26113422
6
3822.88
7571
38244
5152255
31265677
7
3822.69
7585
45815
5194300
36459977
8
3822.87
7614
53400
5212358
41672335
9
3823.02
7627
61014
5221866
46894201
10
3822.52
7600
68641
5195200
52089401
11
3822.51
7595
76241
5199866
57289267
12
3822.49
7606
83836
5207961
62497228
13
3822.83
7567
91442
5183850
67681078
14
3822.72
7572
99009
5201536
72882614
15
3822.5
7569
106581
5202866
78085480
16
3822.93
7571
114150
5200899
83286379
17
3822.54
7543
121721
5174762
88461141
18
3823
7547
129264
5170843
93631984
19
3822.43
7539
136811
5173246
98805230
20
3822.85
7543
144350
-98805231
20
99759
1
6205.12
11021
162
7509979
7609738
2
6205.11
10570
11183
7275526
14885264
3
6204.78
10558
21753
7269396
22154660
4
6205.24
10567
32311
7281717
29436377
5
6205.05
10536
42878
7264379
36700756
6
6205.34
10540
53414
7267746
43968502
7
6204.88
10552
63954
7275726
51244228
8
6205.27
10530
74506
7250437
58494665
9
6205.29
10519
85036
7253139
65747804
10
6205.18
10489
95555
7237997
72985801
11
6204.86
10536
106044
7274628
80260429
12
6204.62
10494
116580
7245369
87505798
13
6204.77
10507
127074
7254482
94760280
14
6205.31
10506
137581
7264198
102024478
15
6204.93
10510
148087
7256258
109280736
16
6205.42
10501
158597
7249233
116529969
17
6205.13
10483
169098
7230821
123760790
18
6205.28
10513
179581
7248712
131009502
19
6205.02
10477
190094
7225723
138235225
20
6204.89
10465
200571
-138235226
20
97789
1
6204.77
11200
158
7610629
7708418
2
6204.85
10486
11358
7215552
14923970
3
6204.88
10454
21844
7184319
22108289
4
6204.99
10447
32298
7193150
29301439
5
6204.67
10450
42745
7196120
36497559
6
6204.82
10445
53195
7198901
43696460
7
6205.38
10440
63640
7199088
50895548
8
6205.18
10444
74080
7201075
58096623
9
6204.65
10427
84524
7186682
65283305
10
6205.13
10426
94951
7193274
72476579
11
6204.99
10417
105377
7194647
79671226
12
6205.31
10432
115794
7192727
86863953
13
6204.65
10390
126226
7175021
94038974
14
6205.46
11788
136616
7959305
101998279
15
6205.07
10718
148404
7374173
109372452
16
6205.36
10424
159122
7177472
116549924
17
6205.35
10428
169546
7192754
123742678
18
6204.65
10415
179974
7174393
130917071
19
6205.24
10416
190389
7183791
138100862
20
6205.29
10386
200805
-138100863
20
102275
1
6204.91
11274
166
7685094
7787369
2
6205.27
10896
11440
7492008
15279377
3
6204.74
10896
22336
7503125
22782502
4
6205.35
10923
33232
7530587
30313089
5
6204.61
10956
44155
7556336
37869425
6
6205.01
10988
55111
7577588
45447013
7
6205.14
11010
66099
7581654
53028667
8
6204.69
10955
77109
7554907
60583574
9
6205.04
10956
88064
7555820
68139394
10
6205
10955
99020
7564760
75704154
11
6204.96
10952
109975
7563390
83267544
12
6204.7
10938
120927
7553749
90821293
13
6205.05
10920
131865
7541643
98362936
14
6205.1
10946
142785
7558823
105921759
15
6204.89
10907
153731
7531458
113453217
16
6204.76
10905
164638
7530675
120983892
17
6205.19
10930
175543
7529099
128512991
18
6205.2
10963
186473
7551116
136064107
19
6205.43
10901
197436
7519923
143584030
20
6204.8
10891
208337
-143584031
102
,bot,berniw 3,,track,Aalborg,,laps,20,,time,1315999574,572038,
20
91927156
,bot,berniw 3,,track,Alpine 1,,laps,20,,time,1316014328,854153,
20
169479003
,bot,berniw 3,,track,Alpine 2,,laps,20,,time,1316015450,566418,
20
123685212
,bot,berniw 3,,track,A-Speedway,,laps,20,,time,1316000204,327787,
0
36621748
,bot,berniw 3,,track,B-Speedway,,laps,20,,time,1316011236,719971,
0
65227351
,bot,berniw 3,,track,CG Speedway number 1,,laps,20,,time,1316009807,844781,
0
49558042
,bot,berniw 3,,track,CG track 2,,laps,20,,time,1316017805,493879,
0
65223336
,bot,berniw 3,,track,CG track 3,,laps,20,,time,1316018306,316964,
0
75655260
,bot,berniw 3,,track,C-Speedway,,laps,20,,time,1316011672,611016,
0
50655938
,bot,berniw 3,,track,Dirt 1,,laps,20,,time,1316000559,288678,
0
62590588
,bot,berniw 3,,track,Dirt 3,,laps,20,,time,1316000998,808775,
0
80511597
,bot,berniw 3,,track,Dirt 4,,laps,20,,time,1316002021,736866,
0
115218841
,bot,berniw 3,,track,Dirt 5,,laps,20,,time,1316003033,705502,
0
76481079
,bot,berniw 3,,track,Dirt 6,,laps,20,,time,1316003904,149335,
0
220117170
,bot,berniw 3,,track,D-Speedway,,laps,20,,time,1316012059,136308,
0
54318158
,bot,berniw 3,,track,E-Road,,laps,20,,time,1316005358,363588,
0
155527310
,bot,berniw 3,,track,E-Speedway,,laps,20,,time,1316012486,224487,
0
63637222
,bot,berniw 3,,track,E-Track 1,,laps,20,,time,1316006522,738322,
0
84717448
,bot,berniw 3,,track,E-Track 2,,laps,20,,time,1316007177,201188,
0
94880215
,bot,berniw 3,,track,E-Track 3,,laps,20,,time,1316007902,707989,
0
108175814
,bot,berniw 3,,track,E-Track 4,,laps,20,,time,1316008755,222485,
0
131141824
,bot,berniw 3,,track,E-Track 5,,laps,20,,time,1316009492,876896,
0
41479977
,bot,berniw 3,,track,E-Track 6,,laps,20,,time,1316016282,63142,
0
102130838
,bot,berniw 3,,track,Forza,,laps,20,,time,1316017071,327942,
0
117382630
,bot,berniw 3,,track,F-Speedway,,laps,20,,time,1316012940,699666,
0
58223670
,bot,berniw 3,,track,G-Speedway,,laps,20,,time,1316013338,391980,
0
47580219
,bot,berniw 3,,track,Michigan Speedway,,laps,20,,time,1316013689,365120,
0
47768969
,bot,berniw 3,,track,Mixed 1,,laps,20,,time,1316010179,222079,
0
54867267
,bot,berniw 3,,track,Mixed 2,,laps,20,,time,1316010667,838034,
0
74104689
,bot,berniw 3,,track,Olethros Road 1,,laps,20,,time,1316019090,440996,
0
140761460
,bot,berniw 3,,track,Ruudskogen,,laps,20,,time,1316019981,388448,
0
86753389
,bot,berniw 3,,track,Spring,,laps,20,,time,1316021817,620240,
0
536908189
,bot,berniw 3,,track,Street 1,,laps,20,,time,1316024820,689994,
0
99002145
,bot,berniw 3,,track,Wheel 2,,laps,20,,time,1316025661,951913,
0
145452180
,bot,bt 3,,track,Aalborg,,laps,20,,time,1315999796,403404,
0
129540916
,bot,bt 3,,track,Alpine 1,,laps,20,,time,1316014733,303914,
0
167939312
,bot,bt 3,,track,Alpine 2,,laps,20,,time,1316015750,601679,
0
119464744
,bot,bt 3,,track,A-Speedway,,laps,20,,time,1316000292,707859,
0
36640259
,bot,bt 3,,track,B-Speedway,,laps,20,,time,1316011395,101671,
0
62579986
,bot,bt 3,,track,CG Speedway number 1,,laps,20,,time,1316009928,708697,
0
49683826
,bot,bt 3,,track,CG track 2,,laps,20,,time,1316017963,660493,
0
65839287
,bot,bt 3,,track,CG track 3,,laps,20,,time,1316018490,105498,
0
72224615
,bot,bt 3,,track,C-Speedway,,laps,20,,time,1316011795,44369,
0
52541487
,bot,bt 3,,track,Dirt 1,,laps,20,,time,1316000709,656377,
0
41545674
,bot,bt 3,,track,Dirt 3,,laps,20,,time,1316001191,832990,
0
76177214
,bot,bt 3,,track,Dirt 4,,laps,20,,time,1316002304,515990,
0
226584210
,bot,bt 3,,track,Dirt 5,,laps,20,,time,1316003214,162812,
0
71111845
,bot,bt 3,,track,Dirt 6,,laps,20,,time,1316004425,136797,
0
223236498
,bot,bt 3,,track,D-Speedway,,laps,20,,time,1316012192,71982,
0
55994131
,bot,bt 3,,track,E-Road,,laps,20,,time,1316005738,270449,
0
157127111
,bot,bt 3,,track,E-Speedway,,laps,20,,time,1316012639,228593,
0
64380789
,bot,bt 3,,track,E-Track 1,,laps,20,,time,1316006728,44678,
0
88169214
,bot,bt 3,,track,E-Track 2,,laps,20,,time,1316007409,267000,
0
93109243
,bot,bt 3,,track,E-Track 3,,laps,20,,time,1316008168,48867,
0
106737296
,bot,bt 3,,track,E-Track 4,,laps,20,,time,1316009073,593455,
0
127287257
,bot,bt 3,,track,E-Track 5,,laps,20,,time,1316009592,423444,
0
38698026
,bot,bt 3,,track,E-Track 6,,laps,20,,time,1316016532,761070,
0
100249184
,bot,bt 3,,track,Forza,,laps,20,,time,1316017354,135649,
0
116104061
,bot,bt 3,,track,F-Speedway,,laps,20,,time,1316013081,157753,
0
58854091
,bot,bt 3,,track,G-Speedway,,laps,20,,time,1316013453,996543,
0
48840014
,bot,bt 3,,track,Michigan Speedway,,laps,20,,time,1316013802,766549,
0
44476153
,bot,bt 3,,track,Mixed 1,,laps,20,,time,1316010312,757660,
0
72096778
,bot,bt 3,,track,Mixed 2,,laps,20,,time,1316010847,835599,
0
95213523
,bot,bt 3,,track,Olethros Road 1,,laps,20,,time,1316019431,787319,
0
136073004
,bot,bt 3,,track,Ruudskogen,,laps,20,,time,1316020189,178366,
0
84355629
,bot,bt 3,,track,Spring,,laps,20,,time,1316023124,738870,
0
592438760
,bot,bt 3,,track,Street 1,,laps,20,,time,1316025060,427473,
0
100387095
,bot,bt 3,,track,Wheel 2,,laps,20,,time,1316026009,851474,
0
145264516
,bot,Olethros 3,,track,Aalborg,,laps,20,,time,1315999345,5344,
0
94942335
,bot,Olethros 3,,track,Alpine 1,,laps,20,,time,1316013912,109459,
0
174299024
,bot,Olethros 3,,track,Alpine 2,,laps,20,,time,1316015134,828963,
0
130172556
,bot,Olethros 3,,track,A-Speedway,,laps,20,,time,1316000110,351484,
0
38837602
,bot,Olethros 3,,track,B-Speedway,,laps,20,,time,1316011083,114447,
0
63104986
,bot,Olethros 3,,track,CG Speedway number 1,,laps,20,,time,1316009686,617037,
0
49989073
,bot,Olethros 3,,track,CG track 2,,laps,20,,time,1316017634,375300,
0
70788502
,bot,Olethros 3,,track,CG track 3,,laps,20,,time,1316018124,133412,
0
75619872
,bot,Olethros 3,,track,C-Speedway,,laps,20,,time,1316011547,667222,
0
50896697
,bot,Olethros 3,,track,Dirt 1,,laps,20,,time,1316000382,516171,
0
74606417
,bot,Olethros 3,,track,Dirt 3,,laps,20,,time,1316000810,186263,
0
78198847
,bot,Olethros 3,,track,Dirt 4,,laps,20,,time,1316001674,801885,
0
138818864
,bot,Olethros 3,,track,Dirt 5,,laps,20,,time,1316002860,238842,
0
73524877
,bot,Olethros 3,,track,Dirt 6,,laps,20,,time,1316003381,653574,
0
219148216
,bot,Olethros 3,,track,D-Speedway,,laps,20,,time,1316011922,192545,
0
55918633
,bot,Olethros 3,,track,E-Road,,laps,20,,time,1316004955,904463,
0
158349185
,bot,Olethros 3,,track,E-Speedway,,laps,20,,time,1316012327,177939,
0
64400547
,bot,Olethros 3,,track,E-Track 1,,laps,20,,time,1316006128,720741,
0
155520370
,bot,Olethros 3,,track,E-Track 2,,laps,20,,time,1316006939,729641,
0
98023183
,bot,Olethros 3,,track,E-Track 3,,laps,20,,time,1316007636,601325,
0
109026641
,bot,Olethros 3,,track,E-Track 4,,laps,20,,time,1316008429,868280,
0
134352317
,bot,Olethros 3,,track,E-Track 5,,laps,20,,time,1316009384,257569,
0
45349992
,bot,Olethros 3,,track,E-Track 6,,laps,20,,time,1316016039,968377,
0
100426305
,bot,Olethros 3,,track,Forza,,laps,20,,time,1316016777,544586,
0
118543515
,bot,Olethros 3,,track,F-Speedway,,laps,20,,time,1316012796,192358,
0
59367059
,bot,Olethros 3,,track,G-Speedway,,laps,20,,time,1316013223,938628,
0
46913550
,bot,Olethros 3,,track,Michigan Speedway,,laps,20,,time,1316013570,753997,
0
49182489
,bot,Olethros 3,,track,Mixed 1,,laps,20,,time,1316010047,789704,
0
53885657
,bot,Olethros 3,,track,Mixed 2,,laps,20,,time,1316010488,914524,
0
73296476
,bot,Olethros 3,,track,Olethros Road 1,,laps,20,,time,1316018664,518543,
0
172872040
,bot,Olethros 3,,track,Ruudskogen,,laps,20,,time,1316019759,29704,
0
91408032
,bot,Olethros 3,,track,Spring,,laps,20,,time,1316020393,708851,
0
579969112
,bot,Olethros 3,,track,Street 1,,laps,20,,time,1316024569,738925,
0
103986521
,bot,Olethros 3,,track,Wheel 2,,laps,20,,time,1316025300,543182,
0
151084416
3
34
0
2
3
4
5
6
7
8
9
10
11
12
13
14
15
16
17
18
19
20
21
22
23
24
25
26
27
28
29
30
31
32
33
34
34
34
36
37
38
39
40
41
42
43
44
45
46
47
48
49
50
51
52
53
54
55
56
57
58
59
60
61
62
63
64
65
66
67
68
34
68
70
71
72
73
74
75
76
77
78
79
80
81
82
83
84
85
86
87
88
89
90
91
92
93
94
95
96
97
98
99
100
101
102
34
3
0
34
68
3
1
35
69
3
2
36
70
3
3
37
71
3
4
38
72
3
5
39
73
3
6
40
74
3
7
41
75
3
8
42
76
3
9
43
77
3
10
44
78
3
11
45
79
3
12
46
80
3
13
47
81
3
14
48
82
3
15
49
83
3
16
50
84
3
17
51
85
3
18
52
86
3
19
53
87
3
20
54
88
3
21
55
89
3
22
56
90
3
23
57
91
3
24
58
92
3
25
59
93
3
26
60
94
3
27
61
95
3
28
62
96
3
29
63
97
3
30
64
98
3
31
65
99
3
32
66
100
3
33
67
101
