1
1
1
champ2011 1
6.93989e-310
1
E-Track 5
1
20
413846
1
3999.06
28115
633
19174725
19588571
2
3999.06
21180
28748
14554459
34143030
3
3999.11
21528
49928
14777876
48920906
4
3999.11
21698
71456
14924766
63845672
5
3999.04
21464
93154
14754448
78600120
6
3998.82
21180
114618
14559368
93159488
7
3998.96
21119
135798
14527682
107687170
8
3999
21598
156917
14847760
122534930
9
3999.11
21313
178515
14658412
137193342
10
3999
21223
199828
14590971
151784313
11
3999.1
20896
221051
14375239
166159552
12
3999
21448
241947
14774058
180933610
13
3998.92
21692
263395
14944598
195878208
14
3999.07
21750
285087
14985153
210863361
15
3999.1
21629
306837
14924028
225787389
16
3998.84
21523
328466
14851366
240638755
17
3999.08
21851
349989
15075961
255714716
18
3999
21474
371840
14814220
270528936
19
3998.97
21573
393314
14884270
285413206
20
3998.93
21619
414887
14905385
1
,bot,champ2011 1,,track,E-Track 5,,laps,20,,time,1316681318,501770,
20
300318591
1
1
0
1
1
0
